title:Dreaming City Wishlist
description:compiled by miso

// Vouchsafe (pve)
//notes: tags:pve
dimwishlist:item=355922321&perks=1840239774,3142289711,1354429876,3038247973
dimwishlist:item=355922321&perks=1840239774,3142289711,1354429876,2848615171
dimwishlist:item=355922321&perks=1840239774,3142289711,1354429876,2048641572
dimwishlist:item=355922321&perks=1840239774,3142289711,776531651,3038247973
dimwishlist:item=355922321&perks=1840239774,3142289711,776531651,2848615171
dimwishlist:item=355922321&perks=1840239774,3142289711,776531651,2048641572
dimwishlist:item=355922321&perks=1840239774,3142289711,247725512,3038247973
dimwishlist:item=355922321&perks=1840239774,3142289711,247725512,2848615171
dimwishlist:item=355922321&perks=1840239774,3142289711,247725512,2048641572
dimwishlist:item=355922321&perks=1840239774,1087426260,1354429876,3038247973
dimwishlist:item=355922321&perks=1840239774,1087426260,1354429876,2848615171
dimwishlist:item=355922321&perks=1840239774,1087426260,1354429876,2048641572
dimwishlist:item=355922321&perks=1840239774,1087426260,776531651,3038247973
dimwishlist:item=355922321&perks=1840239774,1087426260,776531651,2848615171
dimwishlist:item=355922321&perks=1840239774,1087426260,776531651,2048641572
dimwishlist:item=355922321&perks=1840239774,1087426260,247725512,3038247973
dimwishlist:item=355922321&perks=1840239774,1087426260,247725512,2848615171
dimwishlist:item=355922321&perks=1840239774,1087426260,247725512,2048641572
dimwishlist:item=355922321&perks=1840239774,106909392,1354429876,3038247973
dimwishlist:item=355922321&perks=1840239774,106909392,1354429876,2848615171
dimwishlist:item=355922321&perks=1840239774,106909392,1354429876,2048641572
dimwishlist:item=355922321&perks=1840239774,106909392,776531651,3038247973
dimwishlist:item=355922321&perks=1840239774,106909392,776531651,2848615171
dimwishlist:item=355922321&perks=1840239774,106909392,776531651,2048641572
dimwishlist:item=355922321&perks=1840239774,106909392,247725512,3038247973
dimwishlist:item=355922321&perks=1840239774,106909392,247725512,2848615171
dimwishlist:item=355922321&perks=1840239774,106909392,247725512,2048641572
dimwishlist:item=355922321&perks=1840239774,3230963543,1354429876,3038247973
dimwishlist:item=355922321&perks=1840239774,3230963543,1354429876,2848615171
dimwishlist:item=355922321&perks=1840239774,3230963543,1354429876,2048641572
dimwishlist:item=355922321&perks=1840239774,3230963543,776531651,3038247973
dimwishlist:item=355922321&perks=1840239774,3230963543,776531651,2848615171
dimwishlist:item=355922321&perks=1840239774,3230963543,776531651,2048641572
dimwishlist:item=355922321&perks=1840239774,3230963543,247725512,3038247973
dimwishlist:item=355922321&perks=1840239774,3230963543,247725512,2848615171
dimwishlist:item=355922321&perks=1840239774,3230963543,247725512,2048641572
dimwishlist:item=355922321&perks=839105230,3142289711,1354429876,3038247973
dimwishlist:item=355922321&perks=839105230,3142289711,1354429876,2848615171
dimwishlist:item=355922321&perks=839105230,3142289711,1354429876,2048641572
dimwishlist:item=355922321&perks=839105230,3142289711,776531651,3038247973
dimwishlist:item=355922321&perks=839105230,3142289711,776531651,2848615171
dimwishlist:item=355922321&perks=839105230,3142289711,776531651,2048641572
dimwishlist:item=355922321&perks=839105230,3142289711,247725512,3038247973
dimwishlist:item=355922321&perks=839105230,3142289711,247725512,2848615171
dimwishlist:item=355922321&perks=839105230,3142289711,247725512,2048641572
dimwishlist:item=355922321&perks=839105230,1087426260,1354429876,3038247973
dimwishlist:item=355922321&perks=839105230,1087426260,1354429876,2848615171
dimwishlist:item=355922321&perks=839105230,1087426260,1354429876,2048641572
dimwishlist:item=355922321&perks=839105230,1087426260,776531651,3038247973
dimwishlist:item=355922321&perks=839105230,1087426260,776531651,2848615171
dimwishlist:item=355922321&perks=839105230,1087426260,776531651,2048641572
dimwishlist:item=355922321&perks=839105230,1087426260,247725512,3038247973
dimwishlist:item=355922321&perks=839105230,1087426260,247725512,2848615171
dimwishlist:item=355922321&perks=839105230,1087426260,247725512,2048641572
dimwishlist:item=355922321&perks=839105230,106909392,1354429876,3038247973
dimwishlist:item=355922321&perks=839105230,106909392,1354429876,2848615171
dimwishlist:item=355922321&perks=839105230,106909392,1354429876,2048641572
dimwishlist:item=355922321&perks=839105230,106909392,776531651,3038247973
dimwishlist:item=355922321&perks=839105230,106909392,776531651,2848615171
dimwishlist:item=355922321&perks=839105230,106909392,776531651,2048641572
dimwishlist:item=355922321&perks=839105230,106909392,247725512,3038247973
dimwishlist:item=355922321&perks=839105230,106909392,247725512,2848615171
dimwishlist:item=355922321&perks=839105230,106909392,247725512,2048641572
dimwishlist:item=355922321&perks=839105230,3230963543,1354429876,3038247973
dimwishlist:item=355922321&perks=839105230,3230963543,1354429876,2848615171
dimwishlist:item=355922321&perks=839105230,3230963543,1354429876,2048641572
dimwishlist:item=355922321&perks=839105230,3230963543,776531651,3038247973
dimwishlist:item=355922321&perks=839105230,3230963543,776531651,2848615171
dimwishlist:item=355922321&perks=839105230,3230963543,776531651,2048641572
dimwishlist:item=355922321&perks=839105230,3230963543,247725512,3038247973
dimwishlist:item=355922321&perks=839105230,3230963543,247725512,2848615171
dimwishlist:item=355922321&perks=839105230,3230963543,247725512,2048641572
dimwishlist:item=355922321&perks=3661387068,3142289711,1354429876,3038247973
dimwishlist:item=355922321&perks=3661387068,3142289711,1354429876,2848615171
dimwishlist:item=355922321&perks=3661387068,3142289711,1354429876,2048641572
dimwishlist:item=355922321&perks=3661387068,3142289711,776531651,3038247973
dimwishlist:item=355922321&perks=3661387068,3142289711,776531651,2848615171
dimwishlist:item=355922321&perks=3661387068,3142289711,776531651,2048641572
dimwishlist:item=355922321&perks=3661387068,3142289711,247725512,3038247973
dimwishlist:item=355922321&perks=3661387068,3142289711,247725512,2848615171
dimwishlist:item=355922321&perks=3661387068,3142289711,247725512,2048641572
dimwishlist:item=355922321&perks=3661387068,1087426260,1354429876,3038247973
dimwishlist:item=355922321&perks=3661387068,1087426260,1354429876,2848615171
dimwishlist:item=355922321&perks=3661387068,1087426260,1354429876,2048641572
dimwishlist:item=355922321&perks=3661387068,1087426260,776531651,3038247973
dimwishlist:item=355922321&perks=3661387068,1087426260,776531651,2848615171
dimwishlist:item=355922321&perks=3661387068,1087426260,776531651,2048641572
dimwishlist:item=355922321&perks=3661387068,1087426260,247725512,3038247973
dimwishlist:item=355922321&perks=3661387068,1087426260,247725512,2848615171
dimwishlist:item=355922321&perks=3661387068,1087426260,247725512,2048641572
dimwishlist:item=355922321&perks=3661387068,106909392,1354429876,3038247973
dimwishlist:item=355922321&perks=3661387068,106909392,1354429876,2848615171
dimwishlist:item=355922321&perks=3661387068,106909392,1354429876,2048641572
dimwishlist:item=355922321&perks=3661387068,106909392,776531651,3038247973
dimwishlist:item=355922321&perks=3661387068,106909392,776531651,2848615171
dimwishlist:item=355922321&perks=3661387068,106909392,776531651,2048641572
dimwishlist:item=355922321&perks=3661387068,106909392,247725512,3038247973
dimwishlist:item=355922321&perks=3661387068,106909392,247725512,2848615171
dimwishlist:item=355922321&perks=3661387068,106909392,247725512,2048641572
dimwishlist:item=355922321&perks=3661387068,3230963543,1354429876,3038247973
dimwishlist:item=355922321&perks=3661387068,3230963543,1354429876,2848615171
dimwishlist:item=355922321&perks=3661387068,3230963543,1354429876,2048641572
dimwishlist:item=355922321&perks=3661387068,3230963543,776531651,3038247973
dimwishlist:item=355922321&perks=3661387068,3230963543,776531651,2848615171
dimwishlist:item=355922321&perks=3661387068,3230963543,776531651,2048641572
dimwishlist:item=355922321&perks=3661387068,3230963543,247725512,3038247973
dimwishlist:item=355922321&perks=3661387068,3230963543,247725512,2848615171
dimwishlist:item=355922321&perks=3661387068,3230963543,247725512,2048641572
dimwishlist:item=355922321&perks=4090651448,3142289711,1354429876,3038247973
dimwishlist:item=355922321&perks=4090651448,3142289711,1354429876,2848615171
dimwishlist:item=355922321&perks=4090651448,3142289711,1354429876,2048641572
dimwishlist:item=355922321&perks=4090651448,3142289711,776531651,3038247973
dimwishlist:item=355922321&perks=4090651448,3142289711,776531651,2848615171
dimwishlist:item=355922321&perks=4090651448,3142289711,776531651,2048641572
dimwishlist:item=355922321&perks=4090651448,3142289711,247725512,3038247973
dimwishlist:item=355922321&perks=4090651448,3142289711,247725512,2848615171
dimwishlist:item=355922321&perks=4090651448,3142289711,247725512,2048641572
dimwishlist:item=355922321&perks=4090651448,1087426260,1354429876,3038247973
dimwishlist:item=355922321&perks=4090651448,1087426260,1354429876,2848615171
dimwishlist:item=355922321&perks=4090651448,1087426260,1354429876,2048641572
dimwishlist:item=355922321&perks=4090651448,1087426260,776531651,3038247973
dimwishlist:item=355922321&perks=4090651448,1087426260,776531651,2848615171
dimwishlist:item=355922321&perks=4090651448,1087426260,776531651,2048641572
dimwishlist:item=355922321&perks=4090651448,1087426260,247725512,3038247973
dimwishlist:item=355922321&perks=4090651448,1087426260,247725512,2848615171
dimwishlist:item=355922321&perks=4090651448,1087426260,247725512,2048641572
dimwishlist:item=355922321&perks=4090651448,106909392,1354429876,3038247973
dimwishlist:item=355922321&perks=4090651448,106909392,1354429876,2848615171
dimwishlist:item=355922321&perks=4090651448,106909392,1354429876,2048641572
dimwishlist:item=355922321&perks=4090651448,106909392,776531651,3038247973
dimwishlist:item=355922321&perks=4090651448,106909392,776531651,2848615171
dimwishlist:item=355922321&perks=4090651448,106909392,776531651,2048641572
dimwishlist:item=355922321&perks=4090651448,106909392,247725512,3038247973
dimwishlist:item=355922321&perks=4090651448,106909392,247725512,2848615171
dimwishlist:item=355922321&perks=4090651448,106909392,247725512,2048641572
dimwishlist:item=355922321&perks=4090651448,3230963543,1354429876,3038247973
dimwishlist:item=355922321&perks=4090651448,3230963543,1354429876,2848615171
dimwishlist:item=355922321&perks=4090651448,3230963543,1354429876,2048641572
dimwishlist:item=355922321&perks=4090651448,3230963543,776531651,3038247973
dimwishlist:item=355922321&perks=4090651448,3230963543,776531651,2848615171
dimwishlist:item=355922321&perks=4090651448,3230963543,776531651,2048641572
dimwishlist:item=355922321&perks=4090651448,3230963543,247725512,3038247973
dimwishlist:item=355922321&perks=4090651448,3230963543,247725512,2848615171
dimwishlist:item=355922321&perks=4090651448,3230963543,247725512,2048641572
dimwishlist:item=355922321&perks=1467527085,3142289711,1354429876,3038247973
dimwishlist:item=355922321&perks=1467527085,3142289711,1354429876,2848615171
dimwishlist:item=355922321&perks=1467527085,3142289711,1354429876,2048641572
dimwishlist:item=355922321&perks=1467527085,3142289711,776531651,3038247973
dimwishlist:item=355922321&perks=1467527085,3142289711,776531651,2848615171
dimwishlist:item=355922321&perks=1467527085,3142289711,776531651,2048641572
dimwishlist:item=355922321&perks=1467527085,3142289711,247725512,3038247973
dimwishlist:item=355922321&perks=1467527085,3142289711,247725512,2848615171
dimwishlist:item=355922321&perks=1467527085,3142289711,247725512,2048641572
dimwishlist:item=355922321&perks=1467527085,1087426260,1354429876,3038247973
dimwishlist:item=355922321&perks=1467527085,1087426260,1354429876,2848615171
dimwishlist:item=355922321&perks=1467527085,1087426260,1354429876,2048641572
dimwishlist:item=355922321&perks=1467527085,1087426260,776531651,3038247973
dimwishlist:item=355922321&perks=1467527085,1087426260,776531651,2848615171
dimwishlist:item=355922321&perks=1467527085,1087426260,776531651,2048641572
dimwishlist:item=355922321&perks=1467527085,1087426260,247725512,3038247973
dimwishlist:item=355922321&perks=1467527085,1087426260,247725512,2848615171
dimwishlist:item=355922321&perks=1467527085,1087426260,247725512,2048641572
dimwishlist:item=355922321&perks=1467527085,106909392,1354429876,3038247973
dimwishlist:item=355922321&perks=1467527085,106909392,1354429876,2848615171
dimwishlist:item=355922321&perks=1467527085,106909392,1354429876,2048641572
dimwishlist:item=355922321&perks=1467527085,106909392,776531651,3038247973
dimwishlist:item=355922321&perks=1467527085,106909392,776531651,2848615171
dimwishlist:item=355922321&perks=1467527085,106909392,776531651,2048641572
dimwishlist:item=355922321&perks=1467527085,106909392,247725512,3038247973
dimwishlist:item=355922321&perks=1467527085,106909392,247725512,2848615171
dimwishlist:item=355922321&perks=1467527085,106909392,247725512,2048641572
dimwishlist:item=355922321&perks=1467527085,3230963543,1354429876,3038247973
dimwishlist:item=355922321&perks=1467527085,3230963543,1354429876,2848615171
dimwishlist:item=355922321&perks=1467527085,3230963543,1354429876,2048641572
dimwishlist:item=355922321&perks=1467527085,3230963543,776531651,3038247973
dimwishlist:item=355922321&perks=1467527085,3230963543,776531651,2848615171
dimwishlist:item=355922321&perks=1467527085,3230963543,776531651,2048641572
dimwishlist:item=355922321&perks=1467527085,3230963543,247725512,3038247973
dimwishlist:item=355922321&perks=1467527085,3230963543,247725512,2848615171
dimwishlist:item=355922321&perks=1467527085,3230963543,247725512,2048641572
dimwishlist:item=355922321&perks=3250034553,3142289711,1354429876,3038247973
dimwishlist:item=355922321&perks=3250034553,3142289711,1354429876,2848615171
dimwishlist:item=355922321&perks=3250034553,3142289711,1354429876,2048641572
dimwishlist:item=355922321&perks=3250034553,3142289711,776531651,3038247973
dimwishlist:item=355922321&perks=3250034553,3142289711,776531651,2848615171
dimwishlist:item=355922321&perks=3250034553,3142289711,776531651,2048641572
dimwishlist:item=355922321&perks=3250034553,3142289711,247725512,3038247973
dimwishlist:item=355922321&perks=3250034553,3142289711,247725512,2848615171
dimwishlist:item=355922321&perks=3250034553,3142289711,247725512,2048641572
dimwishlist:item=355922321&perks=3250034553,1087426260,1354429876,3038247973
dimwishlist:item=355922321&perks=3250034553,1087426260,1354429876,2848615171
dimwishlist:item=355922321&perks=3250034553,1087426260,1354429876,2048641572
dimwishlist:item=355922321&perks=3250034553,1087426260,776531651,3038247973
dimwishlist:item=355922321&perks=3250034553,1087426260,776531651,2848615171
dimwishlist:item=355922321&perks=3250034553,1087426260,776531651,2048641572
dimwishlist:item=355922321&perks=3250034553,1087426260,247725512,3038247973
dimwishlist:item=355922321&perks=3250034553,1087426260,247725512,2848615171
dimwishlist:item=355922321&perks=3250034553,1087426260,247725512,2048641572
dimwishlist:item=355922321&perks=3250034553,106909392,1354429876,3038247973
dimwishlist:item=355922321&perks=3250034553,106909392,1354429876,2848615171
dimwishlist:item=355922321&perks=3250034553,106909392,1354429876,2048641572
dimwishlist:item=355922321&perks=3250034553,106909392,776531651,3038247973
dimwishlist:item=355922321&perks=3250034553,106909392,776531651,2848615171
dimwishlist:item=355922321&perks=3250034553,106909392,776531651,2048641572
dimwishlist:item=355922321&perks=3250034553,106909392,247725512,3038247973
dimwishlist:item=355922321&perks=3250034553,106909392,247725512,2848615171
dimwishlist:item=355922321&perks=3250034553,106909392,247725512,2048641572
dimwishlist:item=355922321&perks=3250034553,3230963543,1354429876,3038247973
dimwishlist:item=355922321&perks=3250034553,3230963543,1354429876,2848615171
dimwishlist:item=355922321&perks=3250034553,3230963543,1354429876,2048641572
dimwishlist:item=355922321&perks=3250034553,3230963543,776531651,3038247973
dimwishlist:item=355922321&perks=3250034553,3230963543,776531651,2848615171
dimwishlist:item=355922321&perks=3250034553,3230963543,776531651,2048641572
dimwishlist:item=355922321&perks=3250034553,3230963543,247725512,3038247973
dimwishlist:item=355922321&perks=3250034553,3230963543,247725512,2848615171
dimwishlist:item=355922321&perks=3250034553,3230963543,247725512,2048641572
dimwishlist:item=355922321&perks=1482024992,3142289711,1354429876,3038247973
dimwishlist:item=355922321&perks=1482024992,3142289711,1354429876,2848615171
dimwishlist:item=355922321&perks=1482024992,3142289711,1354429876,2048641572
dimwishlist:item=355922321&perks=1482024992,3142289711,776531651,3038247973
dimwishlist:item=355922321&perks=1482024992,3142289711,776531651,2848615171
dimwishlist:item=355922321&perks=1482024992,3142289711,776531651,2048641572
dimwishlist:item=355922321&perks=1482024992,3142289711,247725512,3038247973
dimwishlist:item=355922321&perks=1482024992,3142289711,247725512,2848615171
dimwishlist:item=355922321&perks=1482024992,3142289711,247725512,2048641572
dimwishlist:item=355922321&perks=1482024992,1087426260,1354429876,3038247973
dimwishlist:item=355922321&perks=1482024992,1087426260,1354429876,2848615171
dimwishlist:item=355922321&perks=1482024992,1087426260,1354429876,2048641572
dimwishlist:item=355922321&perks=1482024992,1087426260,776531651,3038247973
dimwishlist:item=355922321&perks=1482024992,1087426260,776531651,2848615171
dimwishlist:item=355922321&perks=1482024992,1087426260,776531651,2048641572
dimwishlist:item=355922321&perks=1482024992,1087426260,247725512,3038247973
dimwishlist:item=355922321&perks=1482024992,1087426260,247725512,2848615171
dimwishlist:item=355922321&perks=1482024992,1087426260,247725512,2048641572
dimwishlist:item=355922321&perks=1482024992,106909392,1354429876,3038247973
dimwishlist:item=355922321&perks=1482024992,106909392,1354429876,2848615171
dimwishlist:item=355922321&perks=1482024992,106909392,1354429876,2048641572
dimwishlist:item=355922321&perks=1482024992,106909392,776531651,3038247973
dimwishlist:item=355922321&perks=1482024992,106909392,776531651,2848615171
dimwishlist:item=355922321&perks=1482024992,106909392,776531651,2048641572
dimwishlist:item=355922321&perks=1482024992,106909392,247725512,3038247973
dimwishlist:item=355922321&perks=1482024992,106909392,247725512,2848615171
dimwishlist:item=355922321&perks=1482024992,106909392,247725512,2048641572
dimwishlist:item=355922321&perks=1482024992,3230963543,1354429876,3038247973
dimwishlist:item=355922321&perks=1482024992,3230963543,1354429876,2848615171
dimwishlist:item=355922321&perks=1482024992,3230963543,1354429876,2048641572
dimwishlist:item=355922321&perks=1482024992,3230963543,776531651,3038247973
dimwishlist:item=355922321&perks=1482024992,3230963543,776531651,2848615171
dimwishlist:item=355922321&perks=1482024992,3230963543,776531651,2048641572
dimwishlist:item=355922321&perks=1482024992,3230963543,247725512,3038247973
dimwishlist:item=355922321&perks=1482024992,3230963543,247725512,2848615171
dimwishlist:item=355922321&perks=1482024992,3230963543,247725512,2048641572


// Twilight Oath (pve)
//notes: tags:pve
dimwishlist:item=1874424704&perks=3661387068,3142289711,968510818,1546637391
dimwishlist:item=1874424704&perks=3661387068,3142289711,968510818,555281244
dimwishlist:item=1874424704&perks=3661387068,1087426260,968510818,1546637391
dimwishlist:item=1874424704&perks=3661387068,1087426260,968510818,555281244
dimwishlist:item=1874424704&perks=3661387068,106909392,968510818,1546637391
dimwishlist:item=1874424704&perks=3661387068,106909392,968510818,555281244
dimwishlist:item=1874424704&perks=3661387068,3230963543,968510818,1546637391
dimwishlist:item=1874424704&perks=3661387068,3230963543,968510818,555281244
dimwishlist:item=1874424704&perks=839105230,3142289711,968510818,1546637391
dimwishlist:item=1874424704&perks=839105230,3142289711,968510818,555281244
dimwishlist:item=1874424704&perks=839105230,1087426260,968510818,1546637391
dimwishlist:item=1874424704&perks=839105230,1087426260,968510818,555281244
dimwishlist:item=1874424704&perks=839105230,106909392,968510818,1546637391
dimwishlist:item=1874424704&perks=839105230,106909392,968510818,555281244
dimwishlist:item=1874424704&perks=839105230,3230963543,968510818,1546637391
dimwishlist:item=1874424704&perks=839105230,3230963543,968510818,555281244
dimwishlist:item=1874424704&perks=1840239774,3142289711,968510818,1546637391
dimwishlist:item=1874424704&perks=1840239774,3142289711,968510818,555281244
dimwishlist:item=1874424704&perks=1840239774,1087426260,968510818,1546637391
dimwishlist:item=1874424704&perks=1840239774,1087426260,968510818,555281244
dimwishlist:item=1874424704&perks=1840239774,106909392,968510818,1546637391
dimwishlist:item=1874424704&perks=1840239774,106909392,968510818,555281244
dimwishlist:item=1874424704&perks=1840239774,3230963543,968510818,1546637391
dimwishlist:item=1874424704&perks=1840239774,3230963543,968510818,555281244
dimwishlist:item=1874424704&perks=1467527085,3142289711,968510818,1546637391
dimwishlist:item=1874424704&perks=1467527085,3142289711,968510818,555281244
dimwishlist:item=1874424704&perks=1467527085,1087426260,968510818,1546637391
dimwishlist:item=1874424704&perks=1467527085,1087426260,968510818,555281244
dimwishlist:item=1874424704&perks=1467527085,106909392,968510818,1546637391
dimwishlist:item=1874424704&perks=1467527085,106909392,968510818,555281244
dimwishlist:item=1874424704&perks=1467527085,3230963543,968510818,1546637391
dimwishlist:item=1874424704&perks=1467527085,3230963543,968510818,555281244


// Tigerspite (pve)
//notes: tags:pve
dimwishlist:item=2465372924&perks=839105230,3142289711,1820235745,3891536761
dimwishlist:item=2465372924&perks=839105230,3142289711,3643424744,3891536761
dimwishlist:item=2465372924&perks=839105230,2420895100,1820235745,3891536761
dimwishlist:item=2465372924&perks=839105230,2420895100,3643424744,3891536761
dimwishlist:item=2465372924&perks=839105230,1087426260,1820235745,3891536761
dimwishlist:item=2465372924&perks=839105230,1087426260,3643424744,3891536761
dimwishlist:item=2465372924&perks=839105230,1968497646,1820235745,3891536761
dimwishlist:item=2465372924&perks=839105230,1968497646,3643424744,3891536761
dimwishlist:item=2465372924&perks=839105230,1561002382,1820235745,3891536761
dimwishlist:item=2465372924&perks=839105230,1561002382,3643424744,3891536761
dimwishlist:item=2465372924&perks=839105230,1885400500,1820235745,3891536761
dimwishlist:item=2465372924&perks=839105230,1885400500,3643424744,3891536761
dimwishlist:item=2465372924&perks=839105230,3230963543,1820235745,3891536761
dimwishlist:item=2465372924&perks=839105230,3230963543,3643424744,3891536761
dimwishlist:item=2465372924&perks=839105230,679225683,1820235745,3891536761
dimwishlist:item=2465372924&perks=839105230,679225683,3643424744,3891536761
dimwishlist:item=2465372924&perks=3661387068,3142289711,1820235745,3891536761
dimwishlist:item=2465372924&perks=3661387068,3142289711,3643424744,3891536761
dimwishlist:item=2465372924&perks=3661387068,2420895100,1820235745,3891536761
dimwishlist:item=2465372924&perks=3661387068,2420895100,3643424744,3891536761
dimwishlist:item=2465372924&perks=3661387068,1087426260,1820235745,3891536761
dimwishlist:item=2465372924&perks=3661387068,1087426260,3643424744,3891536761
dimwishlist:item=2465372924&perks=3661387068,1968497646,1820235745,3891536761
dimwishlist:item=2465372924&perks=3661387068,1968497646,3643424744,3891536761
dimwishlist:item=2465372924&perks=3661387068,1561002382,1820235745,3891536761
dimwishlist:item=2465372924&perks=3661387068,1561002382,3643424744,3891536761
dimwishlist:item=2465372924&perks=3661387068,1885400500,1820235745,3891536761
dimwishlist:item=2465372924&perks=3661387068,1885400500,3643424744,3891536761
dimwishlist:item=2465372924&perks=3661387068,3230963543,1820235745,3891536761
dimwishlist:item=2465372924&perks=3661387068,3230963543,3643424744,3891536761
dimwishlist:item=2465372924&perks=3661387068,679225683,1820235745,3891536761
dimwishlist:item=2465372924&perks=3661387068,679225683,3643424744,3891536761
dimwishlist:item=2465372924&perks=4090651448,3142289711,1820235745,3891536761
dimwishlist:item=2465372924&perks=4090651448,3142289711,3643424744,3891536761
dimwishlist:item=2465372924&perks=4090651448,2420895100,1820235745,3891536761
dimwishlist:item=2465372924&perks=4090651448,2420895100,3643424744,3891536761
dimwishlist:item=2465372924&perks=4090651448,1087426260,1820235745,3891536761
dimwishlist:item=2465372924&perks=4090651448,1087426260,3643424744,3891536761
dimwishlist:item=2465372924&perks=4090651448,1968497646,1820235745,3891536761
dimwishlist:item=2465372924&perks=4090651448,1968497646,3643424744,3891536761
dimwishlist:item=2465372924&perks=4090651448,1561002382,1820235745,3891536761
dimwishlist:item=2465372924&perks=4090651448,1561002382,3643424744,3891536761
dimwishlist:item=2465372924&perks=4090651448,1885400500,1820235745,3891536761
dimwishlist:item=2465372924&perks=4090651448,1885400500,3643424744,3891536761
dimwishlist:item=2465372924&perks=4090651448,3230963543,1820235745,3891536761
dimwishlist:item=2465372924&perks=4090651448,3230963543,3643424744,3891536761
dimwishlist:item=2465372924&perks=4090651448,679225683,1820235745,3891536761
dimwishlist:item=2465372924&perks=4090651448,679225683,3643424744,3891536761
dimwishlist:item=2465372924&perks=1840239774,3142289711,1820235745,3891536761
dimwishlist:item=2465372924&perks=1840239774,3142289711,3643424744,3891536761
dimwishlist:item=2465372924&perks=1840239774,2420895100,1820235745,3891536761
dimwishlist:item=2465372924&perks=1840239774,2420895100,3643424744,3891536761
dimwishlist:item=2465372924&perks=1840239774,1087426260,1820235745,3891536761
dimwishlist:item=2465372924&perks=1840239774,1087426260,3643424744,3891536761
dimwishlist:item=2465372924&perks=1840239774,1968497646,1820235745,3891536761
dimwishlist:item=2465372924&perks=1840239774,1968497646,3643424744,3891536761
dimwishlist:item=2465372924&perks=1840239774,1561002382,1820235745,3891536761
dimwishlist:item=2465372924&perks=1840239774,1561002382,3643424744,3891536761
dimwishlist:item=2465372924&perks=1840239774,1885400500,1820235745,3891536761
dimwishlist:item=2465372924&perks=1840239774,1885400500,3643424744,3891536761
dimwishlist:item=2465372924&perks=1840239774,3230963543,1820235745,3891536761
dimwishlist:item=2465372924&perks=1840239774,3230963543,3643424744,3891536761
dimwishlist:item=2465372924&perks=1840239774,679225683,1820235745,3891536761
dimwishlist:item=2465372924&perks=1840239774,679225683,3643424744,3891536761
dimwishlist:item=2465372924&perks=3250034553,3142289711,1820235745,3891536761
dimwishlist:item=2465372924&perks=3250034553,3142289711,3643424744,3891536761
dimwishlist:item=2465372924&perks=3250034553,2420895100,1820235745,3891536761
dimwishlist:item=2465372924&perks=3250034553,2420895100,3643424744,3891536761
dimwishlist:item=2465372924&perks=3250034553,1087426260,1820235745,3891536761
dimwishlist:item=2465372924&perks=3250034553,1087426260,3643424744,3891536761
dimwishlist:item=2465372924&perks=3250034553,1968497646,1820235745,3891536761
dimwishlist:item=2465372924&perks=3250034553,1968497646,3643424744,3891536761
dimwishlist:item=2465372924&perks=3250034553,1561002382,1820235745,3891536761
dimwishlist:item=2465372924&perks=3250034553,1561002382,3643424744,3891536761
dimwishlist:item=2465372924&perks=3250034553,1885400500,1820235745,3891536761
dimwishlist:item=2465372924&perks=3250034553,1885400500,3643424744,3891536761
dimwishlist:item=2465372924&perks=3250034553,3230963543,1820235745,3891536761
dimwishlist:item=2465372924&perks=3250034553,3230963543,3643424744,3891536761
dimwishlist:item=2465372924&perks=3250034553,679225683,1820235745,3891536761
dimwishlist:item=2465372924&perks=3250034553,679225683,3643424744,3891536761
dimwishlist:item=2465372924&perks=1482024992,3142289711,1820235745,3891536761
dimwishlist:item=2465372924&perks=1482024992,3142289711,3643424744,3891536761
dimwishlist:item=2465372924&perks=1482024992,2420895100,1820235745,3891536761
dimwishlist:item=2465372924&perks=1482024992,2420895100,3643424744,3891536761
dimwishlist:item=2465372924&perks=1482024992,1087426260,1820235745,3891536761
dimwishlist:item=2465372924&perks=1482024992,1087426260,3643424744,3891536761
dimwishlist:item=2465372924&perks=1482024992,1968497646,1820235745,3891536761
dimwishlist:item=2465372924&perks=1482024992,1968497646,3643424744,3891536761
dimwishlist:item=2465372924&perks=1482024992,1561002382,1820235745,3891536761
dimwishlist:item=2465372924&perks=1482024992,1561002382,3643424744,3891536761
dimwishlist:item=2465372924&perks=1482024992,1885400500,1820235745,3891536761
dimwishlist:item=2465372924&perks=1482024992,1885400500,3643424744,3891536761
dimwishlist:item=2465372924&perks=1482024992,3230963543,1820235745,3891536761
dimwishlist:item=2465372924&perks=1482024992,3230963543,3643424744,3891536761
dimwishlist:item=2465372924&perks=1482024992,679225683,1820235745,3891536761
dimwishlist:item=2465372924&perks=1482024992,679225683,3643424744,3891536761
dimwishlist:item=2465372924&perks=1467527085,3142289711,1820235745,3891536761
dimwishlist:item=2465372924&perks=1467527085,3142289711,3643424744,3891536761
dimwishlist:item=2465372924&perks=1467527085,2420895100,1820235745,3891536761
dimwishlist:item=2465372924&perks=1467527085,2420895100,3643424744,3891536761
dimwishlist:item=2465372924&perks=1467527085,1087426260,1820235745,3891536761
dimwishlist:item=2465372924&perks=1467527085,1087426260,3643424744,3891536761
dimwishlist:item=2465372924&perks=1467527085,1968497646,1820235745,3891536761
dimwishlist:item=2465372924&perks=1467527085,1968497646,3643424744,3891536761
dimwishlist:item=2465372924&perks=1467527085,1561002382,1820235745,3891536761
dimwishlist:item=2465372924&perks=1467527085,1561002382,3643424744,3891536761
dimwishlist:item=2465372924&perks=1467527085,1885400500,1820235745,3891536761
dimwishlist:item=2465372924&perks=1467527085,1885400500,3643424744,3891536761
dimwishlist:item=2465372924&perks=1467527085,3230963543,1820235745,3891536761
dimwishlist:item=2465372924&perks=1467527085,3230963543,3643424744,3891536761
dimwishlist:item=2465372924&perks=1467527085,679225683,1820235745,3891536761
dimwishlist:item=2465372924&perks=1467527085,679225683,3643424744,3891536761


// Waking Vigil (pve)
//notes: tags:pve
dimwishlist:item=3723679465&perks=839105230,1885400500,247725512,2173046394,930692523
dimwishlist:item=3723679465&perks=839105230,1885400500,247725512,2848615171,930692523
dimwishlist:item=3723679465&perks=839105230,1968497646,247725512,2173046394,930692523
dimwishlist:item=3723679465&perks=839105230,1968497646,247725512,2848615171,930692523
dimwishlist:item=3723679465&perks=839105230,2420895100,247725512,2173046394,930692523
dimwishlist:item=3723679465&perks=839105230,2420895100,247725512,2848615171,930692523
dimwishlist:item=3723679465&perks=839105230,1087426260,247725512,2173046394,930692523
dimwishlist:item=3723679465&perks=839105230,1087426260,247725512,2848615171,930692523
dimwishlist:item=3723679465&perks=839105230,1561002382,247725512,2173046394,930692523
dimwishlist:item=3723679465&perks=839105230,1561002382,247725512,2848615171,930692523
dimwishlist:item=3723679465&perks=839105230,3230963543,247725512,2173046394,930692523
dimwishlist:item=3723679465&perks=839105230,3230963543,247725512,2848615171,930692523
dimwishlist:item=3723679465&perks=839105230,679225683,247725512,2173046394,930692523
dimwishlist:item=3723679465&perks=839105230,679225683,247725512,2848615171,930692523
dimwishlist:item=3723679465&perks=3661387068,1885400500,247725512,2173046394,930692523
dimwishlist:item=3723679465&perks=3661387068,1885400500,247725512,2848615171,930692523
dimwishlist:item=3723679465&perks=3661387068,1968497646,247725512,2173046394,930692523
dimwishlist:item=3723679465&perks=3661387068,1968497646,247725512,2848615171,930692523
dimwishlist:item=3723679465&perks=3661387068,2420895100,247725512,2173046394,930692523
dimwishlist:item=3723679465&perks=3661387068,2420895100,247725512,2848615171,930692523
dimwishlist:item=3723679465&perks=3661387068,1087426260,247725512,2173046394,930692523
dimwishlist:item=3723679465&perks=3661387068,1087426260,247725512,2848615171,930692523
dimwishlist:item=3723679465&perks=3661387068,1561002382,247725512,2173046394,930692523
dimwishlist:item=3723679465&perks=3661387068,1561002382,247725512,2848615171,930692523
dimwishlist:item=3723679465&perks=3661387068,3230963543,247725512,2173046394,930692523
dimwishlist:item=3723679465&perks=3661387068,3230963543,247725512,2848615171,930692523
dimwishlist:item=3723679465&perks=3661387068,679225683,247725512,2173046394,930692523
dimwishlist:item=3723679465&perks=3661387068,679225683,247725512,2848615171,930692523
dimwishlist:item=3723679465&perks=4090651448,1885400500,247725512,2173046394,930692523
dimwishlist:item=3723679465&perks=4090651448,1885400500,247725512,2848615171,930692523
dimwishlist:item=3723679465&perks=4090651448,1968497646,247725512,2173046394,930692523
dimwishlist:item=3723679465&perks=4090651448,1968497646,247725512,2848615171,930692523
dimwishlist:item=3723679465&perks=4090651448,2420895100,247725512,2173046394,930692523
dimwishlist:item=3723679465&perks=4090651448,2420895100,247725512,2848615171,930692523
dimwishlist:item=3723679465&perks=4090651448,1087426260,247725512,2173046394,930692523
dimwishlist:item=3723679465&perks=4090651448,1087426260,247725512,2848615171,930692523
dimwishlist:item=3723679465&perks=4090651448,1561002382,247725512,2173046394,930692523
dimwishlist:item=3723679465&perks=4090651448,1561002382,247725512,2848615171,930692523
dimwishlist:item=3723679465&perks=4090651448,3230963543,247725512,2173046394,930692523
dimwishlist:item=3723679465&perks=4090651448,3230963543,247725512,2848615171,930692523
dimwishlist:item=3723679465&perks=4090651448,679225683,247725512,2173046394,930692523
dimwishlist:item=3723679465&perks=4090651448,679225683,247725512,2848615171,930692523
dimwishlist:item=3723679465&perks=1840239774,1885400500,247725512,2173046394,930692523
dimwishlist:item=3723679465&perks=1840239774,1885400500,247725512,2848615171,930692523
dimwishlist:item=3723679465&perks=1840239774,1968497646,247725512,2173046394,930692523
dimwishlist:item=3723679465&perks=1840239774,1968497646,247725512,2848615171,930692523
dimwishlist:item=3723679465&perks=1840239774,2420895100,247725512,2173046394,930692523
dimwishlist:item=3723679465&perks=1840239774,2420895100,247725512,2848615171,930692523
dimwishlist:item=3723679465&perks=1840239774,1087426260,247725512,2173046394,930692523
dimwishlist:item=3723679465&perks=1840239774,1087426260,247725512,2848615171,930692523
dimwishlist:item=3723679465&perks=1840239774,1561002382,247725512,2173046394,930692523
dimwishlist:item=3723679465&perks=1840239774,1561002382,247725512,2848615171,930692523
dimwishlist:item=3723679465&perks=1840239774,3230963543,247725512,2173046394,930692523
dimwishlist:item=3723679465&perks=1840239774,3230963543,247725512,2848615171,930692523
dimwishlist:item=3723679465&perks=1840239774,679225683,247725512,2173046394,930692523
dimwishlist:item=3723679465&perks=1840239774,679225683,247725512,2848615171,930692523
dimwishlist:item=3723679465&perks=1467527085,1885400500,247725512,2173046394,930692523
dimwishlist:item=3723679465&perks=1467527085,1885400500,247725512,2848615171,930692523
dimwishlist:item=3723679465&perks=1467527085,1968497646,247725512,2173046394,930692523
dimwishlist:item=3723679465&perks=1467527085,1968497646,247725512,2848615171,930692523
dimwishlist:item=3723679465&perks=1467527085,2420895100,247725512,2173046394,930692523
dimwishlist:item=3723679465&perks=1467527085,2420895100,247725512,2848615171,930692523
dimwishlist:item=3723679465&perks=1467527085,1087426260,247725512,2173046394,930692523
dimwishlist:item=3723679465&perks=1467527085,1087426260,247725512,2848615171,930692523
dimwishlist:item=3723679465&perks=1467527085,1561002382,247725512,2173046394,930692523
dimwishlist:item=3723679465&perks=1467527085,1561002382,247725512,2848615171,930692523
dimwishlist:item=3723679465&perks=1467527085,3230963543,247725512,2173046394,930692523
dimwishlist:item=3723679465&perks=1467527085,3230963543,247725512,2848615171,930692523
dimwishlist:item=3723679465&perks=1467527085,679225683,247725512,2173046394,930692523
dimwishlist:item=3723679465&perks=1467527085,679225683,247725512,2848615171,930692523
dimwishlist:item=3723679465&perks=1482024992,1885400500,247725512,2173046394,930692523
dimwishlist:item=3723679465&perks=1482024992,1885400500,247725512,2848615171,930692523
dimwishlist:item=3723679465&perks=1482024992,1968497646,247725512,2173046394,930692523
dimwishlist:item=3723679465&perks=1482024992,1968497646,247725512,2848615171,930692523
dimwishlist:item=3723679465&perks=1482024992,2420895100,247725512,2173046394,930692523
dimwishlist:item=3723679465&perks=1482024992,2420895100,247725512,2848615171,930692523
dimwishlist:item=3723679465&perks=1482024992,1087426260,247725512,2173046394,930692523
dimwishlist:item=3723679465&perks=1482024992,1087426260,247725512,2848615171,930692523
dimwishlist:item=3723679465&perks=1482024992,1561002382,247725512,2173046394,930692523
dimwishlist:item=3723679465&perks=1482024992,1561002382,247725512,2848615171,930692523
dimwishlist:item=3723679465&perks=1482024992,3230963543,247725512,2173046394,930692523
dimwishlist:item=3723679465&perks=1482024992,3230963543,247725512,2848615171,930692523
dimwishlist:item=3723679465&perks=1482024992,679225683,247725512,2173046394,930692523
dimwishlist:item=3723679465&perks=1482024992,679225683,247725512,2848615171,930692523


