title:S23 Dungeons
description:compiled by miso

// Darkest Before (pve)
//notes: tags:pve
dimwishlist:item=435821040&perks=839105230,2420895100,3017780555,4293542123,4129855581
dimwishlist:item=435821040&perks=839105230,2420895100,3017780555,4049631843,4129855581
dimwishlist:item=435821040&perks=839105230,2420895100,1820235745,4293542123,4129855581
dimwishlist:item=435821040&perks=839105230,2420895100,1820235745,4049631843,4129855581
dimwishlist:item=435821040&perks=839105230,1087426260,3017780555,4293542123,4129855581
dimwishlist:item=435821040&perks=839105230,1087426260,3017780555,4049631843,4129855581
dimwishlist:item=435821040&perks=839105230,1087426260,1820235745,4293542123,4129855581
dimwishlist:item=435821040&perks=839105230,1087426260,1820235745,4049631843,4129855581
dimwishlist:item=435821040&perks=839105230,1968497646,3017780555,4293542123,4129855581
dimwishlist:item=435821040&perks=839105230,1968497646,3017780555,4049631843,4129855581
dimwishlist:item=435821040&perks=839105230,1968497646,1820235745,4293542123,4129855581
dimwishlist:item=435821040&perks=839105230,1968497646,1820235745,4049631843,4129855581
dimwishlist:item=435821040&perks=839105230,1561002382,3017780555,4293542123,4129855581
dimwishlist:item=435821040&perks=839105230,1561002382,3017780555,4049631843,4129855581
dimwishlist:item=435821040&perks=839105230,1561002382,1820235745,4293542123,4129855581
dimwishlist:item=435821040&perks=839105230,1561002382,1820235745,4049631843,4129855581
dimwishlist:item=435821040&perks=839105230,1885400500,3017780555,4293542123,4129855581
dimwishlist:item=435821040&perks=839105230,1885400500,3017780555,4049631843,4129855581
dimwishlist:item=435821040&perks=839105230,1885400500,1820235745,4293542123,4129855581
dimwishlist:item=435821040&perks=839105230,1885400500,1820235745,4049631843,4129855581
dimwishlist:item=435821040&perks=839105230,3230963543,3017780555,4293542123,4129855581
dimwishlist:item=435821040&perks=839105230,3230963543,3017780555,4049631843,4129855581
dimwishlist:item=435821040&perks=839105230,3230963543,1820235745,4293542123,4129855581
dimwishlist:item=435821040&perks=839105230,3230963543,1820235745,4049631843,4129855581
dimwishlist:item=435821040&perks=839105230,679225683,3017780555,4293542123,4129855581
dimwishlist:item=435821040&perks=839105230,679225683,3017780555,4049631843,4129855581
dimwishlist:item=435821040&perks=839105230,679225683,1820235745,4293542123,4129855581
dimwishlist:item=435821040&perks=839105230,679225683,1820235745,4049631843,4129855581
dimwishlist:item=435821040&perks=3661387068,2420895100,3017780555,4293542123,4129855581
dimwishlist:item=435821040&perks=3661387068,2420895100,3017780555,4049631843,4129855581
dimwishlist:item=435821040&perks=3661387068,2420895100,1820235745,4293542123,4129855581
dimwishlist:item=435821040&perks=3661387068,2420895100,1820235745,4049631843,4129855581
dimwishlist:item=435821040&perks=3661387068,1087426260,3017780555,4293542123,4129855581
dimwishlist:item=435821040&perks=3661387068,1087426260,3017780555,4049631843,4129855581
dimwishlist:item=435821040&perks=3661387068,1087426260,1820235745,4293542123,4129855581
dimwishlist:item=435821040&perks=3661387068,1087426260,1820235745,4049631843,4129855581
dimwishlist:item=435821040&perks=3661387068,1968497646,3017780555,4293542123,4129855581
dimwishlist:item=435821040&perks=3661387068,1968497646,3017780555,4049631843,4129855581
dimwishlist:item=435821040&perks=3661387068,1968497646,1820235745,4293542123,4129855581
dimwishlist:item=435821040&perks=3661387068,1968497646,1820235745,4049631843,4129855581
dimwishlist:item=435821040&perks=3661387068,1561002382,3017780555,4293542123,4129855581
dimwishlist:item=435821040&perks=3661387068,1561002382,3017780555,4049631843,4129855581
dimwishlist:item=435821040&perks=3661387068,1561002382,1820235745,4293542123,4129855581
dimwishlist:item=435821040&perks=3661387068,1561002382,1820235745,4049631843,4129855581
dimwishlist:item=435821040&perks=3661387068,1885400500,3017780555,4293542123,4129855581
dimwishlist:item=435821040&perks=3661387068,1885400500,3017780555,4049631843,4129855581
dimwishlist:item=435821040&perks=3661387068,1885400500,1820235745,4293542123,4129855581
dimwishlist:item=435821040&perks=3661387068,1885400500,1820235745,4049631843,4129855581
dimwishlist:item=435821040&perks=3661387068,3230963543,3017780555,4293542123,4129855581
dimwishlist:item=435821040&perks=3661387068,3230963543,3017780555,4049631843,4129855581
dimwishlist:item=435821040&perks=3661387068,3230963543,1820235745,4293542123,4129855581
dimwishlist:item=435821040&perks=3661387068,3230963543,1820235745,4049631843,4129855581
dimwishlist:item=435821040&perks=3661387068,679225683,3017780555,4293542123,4129855581
dimwishlist:item=435821040&perks=3661387068,679225683,3017780555,4049631843,4129855581
dimwishlist:item=435821040&perks=3661387068,679225683,1820235745,4293542123,4129855581
dimwishlist:item=435821040&perks=3661387068,679225683,1820235745,4049631843,4129855581
dimwishlist:item=435821040&perks=4090651448,2420895100,3017780555,4293542123,4129855581
dimwishlist:item=435821040&perks=4090651448,2420895100,3017780555,4049631843,4129855581
dimwishlist:item=435821040&perks=4090651448,2420895100,1820235745,4293542123,4129855581
dimwishlist:item=435821040&perks=4090651448,2420895100,1820235745,4049631843,4129855581
dimwishlist:item=435821040&perks=4090651448,1087426260,3017780555,4293542123,4129855581
dimwishlist:item=435821040&perks=4090651448,1087426260,3017780555,4049631843,4129855581
dimwishlist:item=435821040&perks=4090651448,1087426260,1820235745,4293542123,4129855581
dimwishlist:item=435821040&perks=4090651448,1087426260,1820235745,4049631843,4129855581
dimwishlist:item=435821040&perks=4090651448,1968497646,3017780555,4293542123,4129855581
dimwishlist:item=435821040&perks=4090651448,1968497646,3017780555,4049631843,4129855581
dimwishlist:item=435821040&perks=4090651448,1968497646,1820235745,4293542123,4129855581
dimwishlist:item=435821040&perks=4090651448,1968497646,1820235745,4049631843,4129855581
dimwishlist:item=435821040&perks=4090651448,1561002382,3017780555,4293542123,4129855581
dimwishlist:item=435821040&perks=4090651448,1561002382,3017780555,4049631843,4129855581
dimwishlist:item=435821040&perks=4090651448,1561002382,1820235745,4293542123,4129855581
dimwishlist:item=435821040&perks=4090651448,1561002382,1820235745,4049631843,4129855581
dimwishlist:item=435821040&perks=4090651448,1885400500,3017780555,4293542123,4129855581
dimwishlist:item=435821040&perks=4090651448,1885400500,3017780555,4049631843,4129855581
dimwishlist:item=435821040&perks=4090651448,1885400500,1820235745,4293542123,4129855581
dimwishlist:item=435821040&perks=4090651448,1885400500,1820235745,4049631843,4129855581
dimwishlist:item=435821040&perks=4090651448,3230963543,3017780555,4293542123,4129855581
dimwishlist:item=435821040&perks=4090651448,3230963543,3017780555,4049631843,4129855581
dimwishlist:item=435821040&perks=4090651448,3230963543,1820235745,4293542123,4129855581
dimwishlist:item=435821040&perks=4090651448,3230963543,1820235745,4049631843,4129855581
dimwishlist:item=435821040&perks=4090651448,679225683,3017780555,4293542123,4129855581
dimwishlist:item=435821040&perks=4090651448,679225683,3017780555,4049631843,4129855581
dimwishlist:item=435821040&perks=4090651448,679225683,1820235745,4293542123,4129855581
dimwishlist:item=435821040&perks=4090651448,679225683,1820235745,4049631843,4129855581
dimwishlist:item=435821040&perks=1467527085,2420895100,3017780555,4293542123,4129855581
dimwishlist:item=435821040&perks=1467527085,2420895100,3017780555,4049631843,4129855581
dimwishlist:item=435821040&perks=1467527085,2420895100,1820235745,4293542123,4129855581
dimwishlist:item=435821040&perks=1467527085,2420895100,1820235745,4049631843,4129855581
dimwishlist:item=435821040&perks=1467527085,1087426260,3017780555,4293542123,4129855581
dimwishlist:item=435821040&perks=1467527085,1087426260,3017780555,4049631843,4129855581
dimwishlist:item=435821040&perks=1467527085,1087426260,1820235745,4293542123,4129855581
dimwishlist:item=435821040&perks=1467527085,1087426260,1820235745,4049631843,4129855581
dimwishlist:item=435821040&perks=1467527085,1968497646,3017780555,4293542123,4129855581
dimwishlist:item=435821040&perks=1467527085,1968497646,3017780555,4049631843,4129855581
dimwishlist:item=435821040&perks=1467527085,1968497646,1820235745,4293542123,4129855581
dimwishlist:item=435821040&perks=1467527085,1968497646,1820235745,4049631843,4129855581
dimwishlist:item=435821040&perks=1467527085,1561002382,3017780555,4293542123,4129855581
dimwishlist:item=435821040&perks=1467527085,1561002382,3017780555,4049631843,4129855581
dimwishlist:item=435821040&perks=1467527085,1561002382,1820235745,4293542123,4129855581
dimwishlist:item=435821040&perks=1467527085,1561002382,1820235745,4049631843,4129855581
dimwishlist:item=435821040&perks=1467527085,1885400500,3017780555,4293542123,4129855581
dimwishlist:item=435821040&perks=1467527085,1885400500,3017780555,4049631843,4129855581
dimwishlist:item=435821040&perks=1467527085,1885400500,1820235745,4293542123,4129855581
dimwishlist:item=435821040&perks=1467527085,1885400500,1820235745,4049631843,4129855581
dimwishlist:item=435821040&perks=1467527085,3230963543,3017780555,4293542123,4129855581
dimwishlist:item=435821040&perks=1467527085,3230963543,3017780555,4049631843,4129855581
dimwishlist:item=435821040&perks=1467527085,3230963543,1820235745,4293542123,4129855581
dimwishlist:item=435821040&perks=1467527085,3230963543,1820235745,4049631843,4129855581
dimwishlist:item=435821040&perks=1467527085,679225683,3017780555,4293542123,4129855581
dimwishlist:item=435821040&perks=1467527085,679225683,3017780555,4049631843,4129855581
dimwishlist:item=435821040&perks=1467527085,679225683,1820235745,4293542123,4129855581
dimwishlist:item=435821040&perks=1467527085,679225683,1820235745,4049631843,4129855581
dimwishlist:item=435821040&perks=1840239774,2420895100,3017780555,4293542123,4129855581
dimwishlist:item=435821040&perks=1840239774,2420895100,3017780555,4049631843,4129855581
dimwishlist:item=435821040&perks=1840239774,2420895100,1820235745,4293542123,4129855581
dimwishlist:item=435821040&perks=1840239774,2420895100,1820235745,4049631843,4129855581
dimwishlist:item=435821040&perks=1840239774,1087426260,3017780555,4293542123,4129855581
dimwishlist:item=435821040&perks=1840239774,1087426260,3017780555,4049631843,4129855581
dimwishlist:item=435821040&perks=1840239774,1087426260,1820235745,4293542123,4129855581
dimwishlist:item=435821040&perks=1840239774,1087426260,1820235745,4049631843,4129855581
dimwishlist:item=435821040&perks=1840239774,1968497646,3017780555,4293542123,4129855581
dimwishlist:item=435821040&perks=1840239774,1968497646,3017780555,4049631843,4129855581
dimwishlist:item=435821040&perks=1840239774,1968497646,1820235745,4293542123,4129855581
dimwishlist:item=435821040&perks=1840239774,1968497646,1820235745,4049631843,4129855581
dimwishlist:item=435821040&perks=1840239774,1561002382,3017780555,4293542123,4129855581
dimwishlist:item=435821040&perks=1840239774,1561002382,3017780555,4049631843,4129855581
dimwishlist:item=435821040&perks=1840239774,1561002382,1820235745,4293542123,4129855581
dimwishlist:item=435821040&perks=1840239774,1561002382,1820235745,4049631843,4129855581
dimwishlist:item=435821040&perks=1840239774,1885400500,3017780555,4293542123,4129855581
dimwishlist:item=435821040&perks=1840239774,1885400500,3017780555,4049631843,4129855581
dimwishlist:item=435821040&perks=1840239774,1885400500,1820235745,4293542123,4129855581
dimwishlist:item=435821040&perks=1840239774,1885400500,1820235745,4049631843,4129855581
dimwishlist:item=435821040&perks=1840239774,3230963543,3017780555,4293542123,4129855581
dimwishlist:item=435821040&perks=1840239774,3230963543,3017780555,4049631843,4129855581
dimwishlist:item=435821040&perks=1840239774,3230963543,1820235745,4293542123,4129855581
dimwishlist:item=435821040&perks=1840239774,3230963543,1820235745,4049631843,4129855581
dimwishlist:item=435821040&perks=1840239774,679225683,3017780555,4293542123,4129855581
dimwishlist:item=435821040&perks=1840239774,679225683,3017780555,4049631843,4129855581
dimwishlist:item=435821040&perks=1840239774,679225683,1820235745,4293542123,4129855581
dimwishlist:item=435821040&perks=1840239774,679225683,1820235745,4049631843,4129855581
dimwishlist:item=435821040&perks=3250034553,2420895100,3017780555,4293542123,4129855581
dimwishlist:item=435821040&perks=3250034553,2420895100,3017780555,4049631843,4129855581
dimwishlist:item=435821040&perks=3250034553,2420895100,1820235745,4293542123,4129855581
dimwishlist:item=435821040&perks=3250034553,2420895100,1820235745,4049631843,4129855581
dimwishlist:item=435821040&perks=3250034553,1087426260,3017780555,4293542123,4129855581
dimwishlist:item=435821040&perks=3250034553,1087426260,3017780555,4049631843,4129855581
dimwishlist:item=435821040&perks=3250034553,1087426260,1820235745,4293542123,4129855581
dimwishlist:item=435821040&perks=3250034553,1087426260,1820235745,4049631843,4129855581
dimwishlist:item=435821040&perks=3250034553,1968497646,3017780555,4293542123,4129855581
dimwishlist:item=435821040&perks=3250034553,1968497646,3017780555,4049631843,4129855581
dimwishlist:item=435821040&perks=3250034553,1968497646,1820235745,4293542123,4129855581
dimwishlist:item=435821040&perks=3250034553,1968497646,1820235745,4049631843,4129855581
dimwishlist:item=435821040&perks=3250034553,1561002382,3017780555,4293542123,4129855581
dimwishlist:item=435821040&perks=3250034553,1561002382,3017780555,4049631843,4129855581
dimwishlist:item=435821040&perks=3250034553,1561002382,1820235745,4293542123,4129855581
dimwishlist:item=435821040&perks=3250034553,1561002382,1820235745,4049631843,4129855581
dimwishlist:item=435821040&perks=3250034553,1885400500,3017780555,4293542123,4129855581
dimwishlist:item=435821040&perks=3250034553,1885400500,3017780555,4049631843,4129855581
dimwishlist:item=435821040&perks=3250034553,1885400500,1820235745,4293542123,4129855581
dimwishlist:item=435821040&perks=3250034553,1885400500,1820235745,4049631843,4129855581
dimwishlist:item=435821040&perks=3250034553,3230963543,3017780555,4293542123,4129855581
dimwishlist:item=435821040&perks=3250034553,3230963543,3017780555,4049631843,4129855581
dimwishlist:item=435821040&perks=3250034553,3230963543,1820235745,4293542123,4129855581
dimwishlist:item=435821040&perks=3250034553,3230963543,1820235745,4049631843,4129855581
dimwishlist:item=435821040&perks=3250034553,679225683,3017780555,4293542123,4129855581
dimwishlist:item=435821040&perks=3250034553,679225683,3017780555,4049631843,4129855581
dimwishlist:item=435821040&perks=3250034553,679225683,1820235745,4293542123,4129855581
dimwishlist:item=435821040&perks=3250034553,679225683,1820235745,4049631843,4129855581
dimwishlist:item=435821040&perks=1482024992,2420895100,3017780555,4293542123,4129855581
dimwishlist:item=435821040&perks=1482024992,2420895100,3017780555,4049631843,4129855581
dimwishlist:item=435821040&perks=1482024992,2420895100,1820235745,4293542123,4129855581
dimwishlist:item=435821040&perks=1482024992,2420895100,1820235745,4049631843,4129855581
dimwishlist:item=435821040&perks=1482024992,1087426260,3017780555,4293542123,4129855581
dimwishlist:item=435821040&perks=1482024992,1087426260,3017780555,4049631843,4129855581
dimwishlist:item=435821040&perks=1482024992,1087426260,1820235745,4293542123,4129855581
dimwishlist:item=435821040&perks=1482024992,1087426260,1820235745,4049631843,4129855581
dimwishlist:item=435821040&perks=1482024992,1968497646,3017780555,4293542123,4129855581
dimwishlist:item=435821040&perks=1482024992,1968497646,3017780555,4049631843,4129855581
dimwishlist:item=435821040&perks=1482024992,1968497646,1820235745,4293542123,4129855581
dimwishlist:item=435821040&perks=1482024992,1968497646,1820235745,4049631843,4129855581
dimwishlist:item=435821040&perks=1482024992,1561002382,3017780555,4293542123,4129855581
dimwishlist:item=435821040&perks=1482024992,1561002382,3017780555,4049631843,4129855581
dimwishlist:item=435821040&perks=1482024992,1561002382,1820235745,4293542123,4129855581
dimwishlist:item=435821040&perks=1482024992,1561002382,1820235745,4049631843,4129855581
dimwishlist:item=435821040&perks=1482024992,1885400500,3017780555,4293542123,4129855581
dimwishlist:item=435821040&perks=1482024992,1885400500,3017780555,4049631843,4129855581
dimwishlist:item=435821040&perks=1482024992,1885400500,1820235745,4293542123,4129855581
dimwishlist:item=435821040&perks=1482024992,1885400500,1820235745,4049631843,4129855581
dimwishlist:item=435821040&perks=1482024992,3230963543,3017780555,4293542123,4129855581
dimwishlist:item=435821040&perks=1482024992,3230963543,3017780555,4049631843,4129855581
dimwishlist:item=435821040&perks=1482024992,3230963543,1820235745,4293542123,4129855581
dimwishlist:item=435821040&perks=1482024992,3230963543,1820235745,4049631843,4129855581
dimwishlist:item=435821040&perks=1482024992,679225683,3017780555,4293542123,4129855581
dimwishlist:item=435821040&perks=1482024992,679225683,3017780555,4049631843,4129855581
dimwishlist:item=435821040&perks=1482024992,679225683,1820235745,4293542123,4129855581
dimwishlist:item=435821040&perks=1482024992,679225683,1820235745,4049631843,4129855581


// Relentless (pve)
//notes: tags:pve
dimwishlist:item=435821041&perks=839105230,1885400500,923806249,831391274,4129855581
dimwishlist:item=435821041&perks=839105230,1885400500,923806249,4104185692,4129855581
dimwishlist:item=435821041&perks=839105230,1885400500,247725512,831391274,4129855581
dimwishlist:item=435821041&perks=839105230,1885400500,247725512,4104185692,4129855581
dimwishlist:item=435821041&perks=839105230,1087426260,923806249,831391274,4129855581
dimwishlist:item=435821041&perks=839105230,1087426260,923806249,4104185692,4129855581
dimwishlist:item=435821041&perks=839105230,1087426260,247725512,831391274,4129855581
dimwishlist:item=435821041&perks=839105230,1087426260,247725512,4104185692,4129855581
dimwishlist:item=435821041&perks=839105230,1968497646,923806249,831391274,4129855581
dimwishlist:item=435821041&perks=839105230,1968497646,923806249,4104185692,4129855581
dimwishlist:item=435821041&perks=839105230,1968497646,247725512,831391274,4129855581
dimwishlist:item=435821041&perks=839105230,1968497646,247725512,4104185692,4129855581
dimwishlist:item=435821041&perks=839105230,1561002382,923806249,831391274,4129855581
dimwishlist:item=435821041&perks=839105230,1561002382,923806249,4104185692,4129855581
dimwishlist:item=435821041&perks=839105230,1561002382,247725512,831391274,4129855581
dimwishlist:item=435821041&perks=839105230,1561002382,247725512,4104185692,4129855581
dimwishlist:item=435821041&perks=839105230,3230963543,923806249,831391274,4129855581
dimwishlist:item=435821041&perks=839105230,3230963543,923806249,4104185692,4129855581
dimwishlist:item=435821041&perks=839105230,3230963543,247725512,831391274,4129855581
dimwishlist:item=435821041&perks=839105230,3230963543,247725512,4104185692,4129855581
dimwishlist:item=435821041&perks=839105230,679225683,923806249,831391274,4129855581
dimwishlist:item=435821041&perks=839105230,679225683,923806249,4104185692,4129855581
dimwishlist:item=435821041&perks=839105230,679225683,247725512,831391274,4129855581
dimwishlist:item=435821041&perks=839105230,679225683,247725512,4104185692,4129855581
dimwishlist:item=435821041&perks=3661387068,1885400500,923806249,831391274,4129855581
dimwishlist:item=435821041&perks=3661387068,1885400500,923806249,4104185692,4129855581
dimwishlist:item=435821041&perks=3661387068,1885400500,247725512,831391274,4129855581
dimwishlist:item=435821041&perks=3661387068,1885400500,247725512,4104185692,4129855581
dimwishlist:item=435821041&perks=3661387068,1087426260,923806249,831391274,4129855581
dimwishlist:item=435821041&perks=3661387068,1087426260,923806249,4104185692,4129855581
dimwishlist:item=435821041&perks=3661387068,1087426260,247725512,831391274,4129855581
dimwishlist:item=435821041&perks=3661387068,1087426260,247725512,4104185692,4129855581
dimwishlist:item=435821041&perks=3661387068,1968497646,923806249,831391274,4129855581
dimwishlist:item=435821041&perks=3661387068,1968497646,923806249,4104185692,4129855581
dimwishlist:item=435821041&perks=3661387068,1968497646,247725512,831391274,4129855581
dimwishlist:item=435821041&perks=3661387068,1968497646,247725512,4104185692,4129855581
dimwishlist:item=435821041&perks=3661387068,1561002382,923806249,831391274,4129855581
dimwishlist:item=435821041&perks=3661387068,1561002382,923806249,4104185692,4129855581
dimwishlist:item=435821041&perks=3661387068,1561002382,247725512,831391274,4129855581
dimwishlist:item=435821041&perks=3661387068,1561002382,247725512,4104185692,4129855581
dimwishlist:item=435821041&perks=3661387068,3230963543,923806249,831391274,4129855581
dimwishlist:item=435821041&perks=3661387068,3230963543,923806249,4104185692,4129855581
dimwishlist:item=435821041&perks=3661387068,3230963543,247725512,831391274,4129855581
dimwishlist:item=435821041&perks=3661387068,3230963543,247725512,4104185692,4129855581
dimwishlist:item=435821041&perks=3661387068,679225683,923806249,831391274,4129855581
dimwishlist:item=435821041&perks=3661387068,679225683,923806249,4104185692,4129855581
dimwishlist:item=435821041&perks=3661387068,679225683,247725512,831391274,4129855581
dimwishlist:item=435821041&perks=3661387068,679225683,247725512,4104185692,4129855581
dimwishlist:item=435821041&perks=4090651448,1885400500,923806249,831391274,4129855581
dimwishlist:item=435821041&perks=4090651448,1885400500,923806249,4104185692,4129855581
dimwishlist:item=435821041&perks=4090651448,1885400500,247725512,831391274,4129855581
dimwishlist:item=435821041&perks=4090651448,1885400500,247725512,4104185692,4129855581
dimwishlist:item=435821041&perks=4090651448,1087426260,923806249,831391274,4129855581
dimwishlist:item=435821041&perks=4090651448,1087426260,923806249,4104185692,4129855581
dimwishlist:item=435821041&perks=4090651448,1087426260,247725512,831391274,4129855581
dimwishlist:item=435821041&perks=4090651448,1087426260,247725512,4104185692,4129855581
dimwishlist:item=435821041&perks=4090651448,1968497646,923806249,831391274,4129855581
dimwishlist:item=435821041&perks=4090651448,1968497646,923806249,4104185692,4129855581
dimwishlist:item=435821041&perks=4090651448,1968497646,247725512,831391274,4129855581
dimwishlist:item=435821041&perks=4090651448,1968497646,247725512,4104185692,4129855581
dimwishlist:item=435821041&perks=4090651448,1561002382,923806249,831391274,4129855581
dimwishlist:item=435821041&perks=4090651448,1561002382,923806249,4104185692,4129855581
dimwishlist:item=435821041&perks=4090651448,1561002382,247725512,831391274,4129855581
dimwishlist:item=435821041&perks=4090651448,1561002382,247725512,4104185692,4129855581
dimwishlist:item=435821041&perks=4090651448,3230963543,923806249,831391274,4129855581
dimwishlist:item=435821041&perks=4090651448,3230963543,923806249,4104185692,4129855581
dimwishlist:item=435821041&perks=4090651448,3230963543,247725512,831391274,4129855581
dimwishlist:item=435821041&perks=4090651448,3230963543,247725512,4104185692,4129855581
dimwishlist:item=435821041&perks=4090651448,679225683,923806249,831391274,4129855581
dimwishlist:item=435821041&perks=4090651448,679225683,923806249,4104185692,4129855581
dimwishlist:item=435821041&perks=4090651448,679225683,247725512,831391274,4129855581
dimwishlist:item=435821041&perks=4090651448,679225683,247725512,4104185692,4129855581
dimwishlist:item=435821041&perks=1467527085,1885400500,923806249,831391274,4129855581
dimwishlist:item=435821041&perks=1467527085,1885400500,923806249,4104185692,4129855581
dimwishlist:item=435821041&perks=1467527085,1885400500,247725512,831391274,4129855581
dimwishlist:item=435821041&perks=1467527085,1885400500,247725512,4104185692,4129855581
dimwishlist:item=435821041&perks=1467527085,1087426260,923806249,831391274,4129855581
dimwishlist:item=435821041&perks=1467527085,1087426260,923806249,4104185692,4129855581
dimwishlist:item=435821041&perks=1467527085,1087426260,247725512,831391274,4129855581
dimwishlist:item=435821041&perks=1467527085,1087426260,247725512,4104185692,4129855581
dimwishlist:item=435821041&perks=1467527085,1968497646,923806249,831391274,4129855581
dimwishlist:item=435821041&perks=1467527085,1968497646,923806249,4104185692,4129855581
dimwishlist:item=435821041&perks=1467527085,1968497646,247725512,831391274,4129855581
dimwishlist:item=435821041&perks=1467527085,1968497646,247725512,4104185692,4129855581
dimwishlist:item=435821041&perks=1467527085,1561002382,923806249,831391274,4129855581
dimwishlist:item=435821041&perks=1467527085,1561002382,923806249,4104185692,4129855581
dimwishlist:item=435821041&perks=1467527085,1561002382,247725512,831391274,4129855581
dimwishlist:item=435821041&perks=1467527085,1561002382,247725512,4104185692,4129855581
dimwishlist:item=435821041&perks=1467527085,3230963543,923806249,831391274,4129855581
dimwishlist:item=435821041&perks=1467527085,3230963543,923806249,4104185692,4129855581
dimwishlist:item=435821041&perks=1467527085,3230963543,247725512,831391274,4129855581
dimwishlist:item=435821041&perks=1467527085,3230963543,247725512,4104185692,4129855581
dimwishlist:item=435821041&perks=1467527085,679225683,923806249,831391274,4129855581
dimwishlist:item=435821041&perks=1467527085,679225683,923806249,4104185692,4129855581
dimwishlist:item=435821041&perks=1467527085,679225683,247725512,831391274,4129855581
dimwishlist:item=435821041&perks=1467527085,679225683,247725512,4104185692,4129855581
dimwishlist:item=435821041&perks=1840239774,1885400500,923806249,831391274,4129855581
dimwishlist:item=435821041&perks=1840239774,1885400500,923806249,4104185692,4129855581
dimwishlist:item=435821041&perks=1840239774,1885400500,247725512,831391274,4129855581
dimwishlist:item=435821041&perks=1840239774,1885400500,247725512,4104185692,4129855581
dimwishlist:item=435821041&perks=1840239774,1087426260,923806249,831391274,4129855581
dimwishlist:item=435821041&perks=1840239774,1087426260,923806249,4104185692,4129855581
dimwishlist:item=435821041&perks=1840239774,1087426260,247725512,831391274,4129855581
dimwishlist:item=435821041&perks=1840239774,1087426260,247725512,4104185692,4129855581
dimwishlist:item=435821041&perks=1840239774,1968497646,923806249,831391274,4129855581
dimwishlist:item=435821041&perks=1840239774,1968497646,923806249,4104185692,4129855581
dimwishlist:item=435821041&perks=1840239774,1968497646,247725512,831391274,4129855581
dimwishlist:item=435821041&perks=1840239774,1968497646,247725512,4104185692,4129855581
dimwishlist:item=435821041&perks=1840239774,1561002382,923806249,831391274,4129855581
dimwishlist:item=435821041&perks=1840239774,1561002382,923806249,4104185692,4129855581
dimwishlist:item=435821041&perks=1840239774,1561002382,247725512,831391274,4129855581
dimwishlist:item=435821041&perks=1840239774,1561002382,247725512,4104185692,4129855581
dimwishlist:item=435821041&perks=1840239774,3230963543,923806249,831391274,4129855581
dimwishlist:item=435821041&perks=1840239774,3230963543,923806249,4104185692,4129855581
dimwishlist:item=435821041&perks=1840239774,3230963543,247725512,831391274,4129855581
dimwishlist:item=435821041&perks=1840239774,3230963543,247725512,4104185692,4129855581
dimwishlist:item=435821041&perks=1840239774,679225683,923806249,831391274,4129855581
dimwishlist:item=435821041&perks=1840239774,679225683,923806249,4104185692,4129855581
dimwishlist:item=435821041&perks=1840239774,679225683,247725512,831391274,4129855581
dimwishlist:item=435821041&perks=1840239774,679225683,247725512,4104185692,4129855581
dimwishlist:item=435821041&perks=3250034553,1885400500,923806249,831391274,4129855581
dimwishlist:item=435821041&perks=3250034553,1885400500,923806249,4104185692,4129855581
dimwishlist:item=435821041&perks=3250034553,1885400500,247725512,831391274,4129855581
dimwishlist:item=435821041&perks=3250034553,1885400500,247725512,4104185692,4129855581
dimwishlist:item=435821041&perks=3250034553,1087426260,923806249,831391274,4129855581
dimwishlist:item=435821041&perks=3250034553,1087426260,923806249,4104185692,4129855581
dimwishlist:item=435821041&perks=3250034553,1087426260,247725512,831391274,4129855581
dimwishlist:item=435821041&perks=3250034553,1087426260,247725512,4104185692,4129855581
dimwishlist:item=435821041&perks=3250034553,1968497646,923806249,831391274,4129855581
dimwishlist:item=435821041&perks=3250034553,1968497646,923806249,4104185692,4129855581
dimwishlist:item=435821041&perks=3250034553,1968497646,247725512,831391274,4129855581
dimwishlist:item=435821041&perks=3250034553,1968497646,247725512,4104185692,4129855581
dimwishlist:item=435821041&perks=3250034553,1561002382,923806249,831391274,4129855581
dimwishlist:item=435821041&perks=3250034553,1561002382,923806249,4104185692,4129855581
dimwishlist:item=435821041&perks=3250034553,1561002382,247725512,831391274,4129855581
dimwishlist:item=435821041&perks=3250034553,1561002382,247725512,4104185692,4129855581
dimwishlist:item=435821041&perks=3250034553,3230963543,923806249,831391274,4129855581
dimwishlist:item=435821041&perks=3250034553,3230963543,923806249,4104185692,4129855581
dimwishlist:item=435821041&perks=3250034553,3230963543,247725512,831391274,4129855581
dimwishlist:item=435821041&perks=3250034553,3230963543,247725512,4104185692,4129855581
dimwishlist:item=435821041&perks=3250034553,679225683,923806249,831391274,4129855581
dimwishlist:item=435821041&perks=3250034553,679225683,923806249,4104185692,4129855581
dimwishlist:item=435821041&perks=3250034553,679225683,247725512,831391274,4129855581
dimwishlist:item=435821041&perks=3250034553,679225683,247725512,4104185692,4129855581
dimwishlist:item=435821041&perks=1482024992,1885400500,923806249,831391274,4129855581
dimwishlist:item=435821041&perks=1482024992,1885400500,923806249,4104185692,4129855581
dimwishlist:item=435821041&perks=1482024992,1885400500,247725512,831391274,4129855581
dimwishlist:item=435821041&perks=1482024992,1885400500,247725512,4104185692,4129855581
dimwishlist:item=435821041&perks=1482024992,1087426260,923806249,831391274,4129855581
dimwishlist:item=435821041&perks=1482024992,1087426260,923806249,4104185692,4129855581
dimwishlist:item=435821041&perks=1482024992,1087426260,247725512,831391274,4129855581
dimwishlist:item=435821041&perks=1482024992,1087426260,247725512,4104185692,4129855581
dimwishlist:item=435821041&perks=1482024992,1968497646,923806249,831391274,4129855581
dimwishlist:item=435821041&perks=1482024992,1968497646,923806249,4104185692,4129855581
dimwishlist:item=435821041&perks=1482024992,1968497646,247725512,831391274,4129855581
dimwishlist:item=435821041&perks=1482024992,1968497646,247725512,4104185692,4129855581
dimwishlist:item=435821041&perks=1482024992,1561002382,923806249,831391274,4129855581
dimwishlist:item=435821041&perks=1482024992,1561002382,923806249,4104185692,4129855581
dimwishlist:item=435821041&perks=1482024992,1561002382,247725512,831391274,4129855581
dimwishlist:item=435821041&perks=1482024992,1561002382,247725512,4104185692,4129855581
dimwishlist:item=435821041&perks=1482024992,3230963543,923806249,831391274,4129855581
dimwishlist:item=435821041&perks=1482024992,3230963543,923806249,4104185692,4129855581
dimwishlist:item=435821041&perks=1482024992,3230963543,247725512,831391274,4129855581
dimwishlist:item=435821041&perks=1482024992,3230963543,247725512,4104185692,4129855581
dimwishlist:item=435821041&perks=1482024992,679225683,923806249,831391274,4129855581
dimwishlist:item=435821041&perks=1482024992,679225683,923806249,4104185692,4129855581
dimwishlist:item=435821041&perks=1482024992,679225683,247725512,831391274,4129855581
dimwishlist:item=435821041&perks=1482024992,679225683,247725512,4104185692,4129855581


// Vengeful Whisper (pve)
//notes: tags:pve
dimwishlist:item=839344841&perks=2801223209,16392701,3365897133,831391274,220689851
dimwishlist:item=839344841&perks=2801223209,16392701,201365942,831391274,220689851
dimwishlist:item=839344841&perks=2801223209,2154191829,3365897133,831391274,220689851
dimwishlist:item=839344841&perks=2801223209,2154191829,201365942,831391274,220689851
dimwishlist:item=839344841&perks=2801223209,3429800428,3365897133,831391274,220689851
dimwishlist:item=839344841&perks=2801223209,3429800428,201365942,831391274,220689851
dimwishlist:item=839344841&perks=1196733167,16392701,3365897133,831391274,220689851
dimwishlist:item=839344841&perks=1196733167,16392701,201365942,831391274,220689851
dimwishlist:item=839344841&perks=1196733167,2154191829,3365897133,831391274,220689851
dimwishlist:item=839344841&perks=1196733167,2154191829,201365942,831391274,220689851
dimwishlist:item=839344841&perks=1196733167,3429800428,3365897133,831391274,220689851
dimwishlist:item=839344841&perks=1196733167,3429800428,201365942,831391274,220689851
dimwishlist:item=839344841&perks=4067834857,16392701,3365897133,831391274,220689851
dimwishlist:item=839344841&perks=4067834857,16392701,201365942,831391274,220689851
dimwishlist:item=839344841&perks=4067834857,2154191829,3365897133,831391274,220689851
dimwishlist:item=839344841&perks=4067834857,2154191829,201365942,831391274,220689851
dimwishlist:item=839344841&perks=4067834857,3429800428,3365897133,831391274,220689851
dimwishlist:item=839344841&perks=4067834857,3429800428,201365942,831391274,220689851
dimwishlist:item=839344841&perks=852209214,16392701,3365897133,831391274,220689851
dimwishlist:item=839344841&perks=852209214,16392701,201365942,831391274,220689851
dimwishlist:item=839344841&perks=852209214,2154191829,3365897133,831391274,220689851
dimwishlist:item=839344841&perks=852209214,2154191829,201365942,831391274,220689851
dimwishlist:item=839344841&perks=852209214,3429800428,3365897133,831391274,220689851
dimwishlist:item=839344841&perks=852209214,3429800428,201365942,831391274,220689851
dimwishlist:item=839344841&perks=3768438372,16392701,3365897133,831391274,220689851
dimwishlist:item=839344841&perks=3768438372,16392701,201365942,831391274,220689851
dimwishlist:item=839344841&perks=3768438372,2154191829,3365897133,831391274,220689851
dimwishlist:item=839344841&perks=3768438372,2154191829,201365942,831391274,220689851
dimwishlist:item=839344841&perks=3768438372,3429800428,3365897133,831391274,220689851
dimwishlist:item=839344841&perks=3768438372,3429800428,201365942,831391274,220689851


// Adjudicator (pve)
//notes: tags:pve
dimwishlist:item=1013434963&perks=839105230,3142289711,4071163871,95528736,4129855581
dimwishlist:item=1013434963&perks=839105230,3142289711,4071163871,3891536761,4129855581
dimwishlist:item=1013434963&perks=839105230,3142289711,4071163871,4104185692,4129855581
dimwishlist:item=1013434963&perks=839105230,3142289711,4071163871,3425386926,4129855581
dimwishlist:item=1013434963&perks=839105230,3142289711,1820235745,95528736,4129855581
dimwishlist:item=1013434963&perks=839105230,3142289711,1820235745,3891536761,4129855581
dimwishlist:item=1013434963&perks=839105230,3142289711,1820235745,4104185692,4129855581
dimwishlist:item=1013434963&perks=839105230,3142289711,1820235745,3425386926,4129855581
dimwishlist:item=1013434963&perks=839105230,3142289711,2779035018,95528736,4129855581
dimwishlist:item=1013434963&perks=839105230,3142289711,2779035018,3891536761,4129855581
dimwishlist:item=1013434963&perks=839105230,3142289711,2779035018,4104185692,4129855581
dimwishlist:item=1013434963&perks=839105230,3142289711,2779035018,3425386926,4129855581
dimwishlist:item=1013434963&perks=839105230,1087426260,4071163871,95528736,4129855581
dimwishlist:item=1013434963&perks=839105230,1087426260,4071163871,3891536761,4129855581
dimwishlist:item=1013434963&perks=839105230,1087426260,4071163871,4104185692,4129855581
dimwishlist:item=1013434963&perks=839105230,1087426260,4071163871,3425386926,4129855581
dimwishlist:item=1013434963&perks=839105230,1087426260,1820235745,95528736,4129855581
dimwishlist:item=1013434963&perks=839105230,1087426260,1820235745,3891536761,4129855581
dimwishlist:item=1013434963&perks=839105230,1087426260,1820235745,4104185692,4129855581
dimwishlist:item=1013434963&perks=839105230,1087426260,1820235745,3425386926,4129855581
dimwishlist:item=1013434963&perks=839105230,1087426260,2779035018,95528736,4129855581
dimwishlist:item=1013434963&perks=839105230,1087426260,2779035018,3891536761,4129855581
dimwishlist:item=1013434963&perks=839105230,1087426260,2779035018,4104185692,4129855581
dimwishlist:item=1013434963&perks=839105230,1087426260,2779035018,3425386926,4129855581
dimwishlist:item=1013434963&perks=839105230,106909392,4071163871,95528736,4129855581
dimwishlist:item=1013434963&perks=839105230,106909392,4071163871,3891536761,4129855581
dimwishlist:item=1013434963&perks=839105230,106909392,4071163871,4104185692,4129855581
dimwishlist:item=1013434963&perks=839105230,106909392,4071163871,3425386926,4129855581
dimwishlist:item=1013434963&perks=839105230,106909392,1820235745,95528736,4129855581
dimwishlist:item=1013434963&perks=839105230,106909392,1820235745,3891536761,4129855581
dimwishlist:item=1013434963&perks=839105230,106909392,1820235745,4104185692,4129855581
dimwishlist:item=1013434963&perks=839105230,106909392,1820235745,3425386926,4129855581
dimwishlist:item=1013434963&perks=839105230,106909392,2779035018,95528736,4129855581
dimwishlist:item=1013434963&perks=839105230,106909392,2779035018,3891536761,4129855581
dimwishlist:item=1013434963&perks=839105230,106909392,2779035018,4104185692,4129855581
dimwishlist:item=1013434963&perks=839105230,106909392,2779035018,3425386926,4129855581
dimwishlist:item=1013434963&perks=839105230,3230963543,4071163871,95528736,4129855581
dimwishlist:item=1013434963&perks=839105230,3230963543,4071163871,3891536761,4129855581
dimwishlist:item=1013434963&perks=839105230,3230963543,4071163871,4104185692,4129855581
dimwishlist:item=1013434963&perks=839105230,3230963543,4071163871,3425386926,4129855581
dimwishlist:item=1013434963&perks=839105230,3230963543,1820235745,95528736,4129855581
dimwishlist:item=1013434963&perks=839105230,3230963543,1820235745,3891536761,4129855581
dimwishlist:item=1013434963&perks=839105230,3230963543,1820235745,4104185692,4129855581
dimwishlist:item=1013434963&perks=839105230,3230963543,1820235745,3425386926,4129855581
dimwishlist:item=1013434963&perks=839105230,3230963543,2779035018,95528736,4129855581
dimwishlist:item=1013434963&perks=839105230,3230963543,2779035018,3891536761,4129855581
dimwishlist:item=1013434963&perks=839105230,3230963543,2779035018,4104185692,4129855581
dimwishlist:item=1013434963&perks=839105230,3230963543,2779035018,3425386926,4129855581
dimwishlist:item=1013434963&perks=4090651448,3142289711,4071163871,95528736,4129855581
dimwishlist:item=1013434963&perks=4090651448,3142289711,4071163871,3891536761,4129855581
dimwishlist:item=1013434963&perks=4090651448,3142289711,4071163871,4104185692,4129855581
dimwishlist:item=1013434963&perks=4090651448,3142289711,4071163871,3425386926,4129855581
dimwishlist:item=1013434963&perks=4090651448,3142289711,1820235745,95528736,4129855581
dimwishlist:item=1013434963&perks=4090651448,3142289711,1820235745,3891536761,4129855581
dimwishlist:item=1013434963&perks=4090651448,3142289711,1820235745,4104185692,4129855581
dimwishlist:item=1013434963&perks=4090651448,3142289711,1820235745,3425386926,4129855581
dimwishlist:item=1013434963&perks=4090651448,3142289711,2779035018,95528736,4129855581
dimwishlist:item=1013434963&perks=4090651448,3142289711,2779035018,3891536761,4129855581
dimwishlist:item=1013434963&perks=4090651448,3142289711,2779035018,4104185692,4129855581
dimwishlist:item=1013434963&perks=4090651448,3142289711,2779035018,3425386926,4129855581
dimwishlist:item=1013434963&perks=4090651448,1087426260,4071163871,95528736,4129855581
dimwishlist:item=1013434963&perks=4090651448,1087426260,4071163871,3891536761,4129855581
dimwishlist:item=1013434963&perks=4090651448,1087426260,4071163871,4104185692,4129855581
dimwishlist:item=1013434963&perks=4090651448,1087426260,4071163871,3425386926,4129855581
dimwishlist:item=1013434963&perks=4090651448,1087426260,1820235745,95528736,4129855581
dimwishlist:item=1013434963&perks=4090651448,1087426260,1820235745,3891536761,4129855581
dimwishlist:item=1013434963&perks=4090651448,1087426260,1820235745,4104185692,4129855581
dimwishlist:item=1013434963&perks=4090651448,1087426260,1820235745,3425386926,4129855581
dimwishlist:item=1013434963&perks=4090651448,1087426260,2779035018,95528736,4129855581
dimwishlist:item=1013434963&perks=4090651448,1087426260,2779035018,3891536761,4129855581
dimwishlist:item=1013434963&perks=4090651448,1087426260,2779035018,4104185692,4129855581
dimwishlist:item=1013434963&perks=4090651448,1087426260,2779035018,3425386926,4129855581
dimwishlist:item=1013434963&perks=4090651448,106909392,4071163871,95528736,4129855581
dimwishlist:item=1013434963&perks=4090651448,106909392,4071163871,3891536761,4129855581
dimwishlist:item=1013434963&perks=4090651448,106909392,4071163871,4104185692,4129855581
dimwishlist:item=1013434963&perks=4090651448,106909392,4071163871,3425386926,4129855581
dimwishlist:item=1013434963&perks=4090651448,106909392,1820235745,95528736,4129855581
dimwishlist:item=1013434963&perks=4090651448,106909392,1820235745,3891536761,4129855581
dimwishlist:item=1013434963&perks=4090651448,106909392,1820235745,4104185692,4129855581
dimwishlist:item=1013434963&perks=4090651448,106909392,1820235745,3425386926,4129855581
dimwishlist:item=1013434963&perks=4090651448,106909392,2779035018,95528736,4129855581
dimwishlist:item=1013434963&perks=4090651448,106909392,2779035018,3891536761,4129855581
dimwishlist:item=1013434963&perks=4090651448,106909392,2779035018,4104185692,4129855581
dimwishlist:item=1013434963&perks=4090651448,106909392,2779035018,3425386926,4129855581
dimwishlist:item=1013434963&perks=4090651448,3230963543,4071163871,95528736,4129855581
dimwishlist:item=1013434963&perks=4090651448,3230963543,4071163871,3891536761,4129855581
dimwishlist:item=1013434963&perks=4090651448,3230963543,4071163871,4104185692,4129855581
dimwishlist:item=1013434963&perks=4090651448,3230963543,4071163871,3425386926,4129855581
dimwishlist:item=1013434963&perks=4090651448,3230963543,1820235745,95528736,4129855581
dimwishlist:item=1013434963&perks=4090651448,3230963543,1820235745,3891536761,4129855581
dimwishlist:item=1013434963&perks=4090651448,3230963543,1820235745,4104185692,4129855581
dimwishlist:item=1013434963&perks=4090651448,3230963543,1820235745,3425386926,4129855581
dimwishlist:item=1013434963&perks=4090651448,3230963543,2779035018,95528736,4129855581
dimwishlist:item=1013434963&perks=4090651448,3230963543,2779035018,3891536761,4129855581
dimwishlist:item=1013434963&perks=4090651448,3230963543,2779035018,4104185692,4129855581
dimwishlist:item=1013434963&perks=4090651448,3230963543,2779035018,3425386926,4129855581
dimwishlist:item=1013434963&perks=1467527085,3142289711,4071163871,95528736,4129855581
dimwishlist:item=1013434963&perks=1467527085,3142289711,4071163871,3891536761,4129855581
dimwishlist:item=1013434963&perks=1467527085,3142289711,4071163871,4104185692,4129855581
dimwishlist:item=1013434963&perks=1467527085,3142289711,4071163871,3425386926,4129855581
dimwishlist:item=1013434963&perks=1467527085,3142289711,1820235745,95528736,4129855581
dimwishlist:item=1013434963&perks=1467527085,3142289711,1820235745,3891536761,4129855581
dimwishlist:item=1013434963&perks=1467527085,3142289711,1820235745,4104185692,4129855581
dimwishlist:item=1013434963&perks=1467527085,3142289711,1820235745,3425386926,4129855581
dimwishlist:item=1013434963&perks=1467527085,3142289711,2779035018,95528736,4129855581
dimwishlist:item=1013434963&perks=1467527085,3142289711,2779035018,3891536761,4129855581
dimwishlist:item=1013434963&perks=1467527085,3142289711,2779035018,4104185692,4129855581
dimwishlist:item=1013434963&perks=1467527085,3142289711,2779035018,3425386926,4129855581
dimwishlist:item=1013434963&perks=1467527085,1087426260,4071163871,95528736,4129855581
dimwishlist:item=1013434963&perks=1467527085,1087426260,4071163871,3891536761,4129855581
dimwishlist:item=1013434963&perks=1467527085,1087426260,4071163871,4104185692,4129855581
dimwishlist:item=1013434963&perks=1467527085,1087426260,4071163871,3425386926,4129855581
dimwishlist:item=1013434963&perks=1467527085,1087426260,1820235745,95528736,4129855581
dimwishlist:item=1013434963&perks=1467527085,1087426260,1820235745,3891536761,4129855581
dimwishlist:item=1013434963&perks=1467527085,1087426260,1820235745,4104185692,4129855581
dimwishlist:item=1013434963&perks=1467527085,1087426260,1820235745,3425386926,4129855581
dimwishlist:item=1013434963&perks=1467527085,1087426260,2779035018,95528736,4129855581
dimwishlist:item=1013434963&perks=1467527085,1087426260,2779035018,3891536761,4129855581
dimwishlist:item=1013434963&perks=1467527085,1087426260,2779035018,4104185692,4129855581
dimwishlist:item=1013434963&perks=1467527085,1087426260,2779035018,3425386926,4129855581
dimwishlist:item=1013434963&perks=1467527085,106909392,4071163871,95528736,4129855581
dimwishlist:item=1013434963&perks=1467527085,106909392,4071163871,3891536761,4129855581
dimwishlist:item=1013434963&perks=1467527085,106909392,4071163871,4104185692,4129855581
dimwishlist:item=1013434963&perks=1467527085,106909392,4071163871,3425386926,4129855581
dimwishlist:item=1013434963&perks=1467527085,106909392,1820235745,95528736,4129855581
dimwishlist:item=1013434963&perks=1467527085,106909392,1820235745,3891536761,4129855581
dimwishlist:item=1013434963&perks=1467527085,106909392,1820235745,4104185692,4129855581
dimwishlist:item=1013434963&perks=1467527085,106909392,1820235745,3425386926,4129855581
dimwishlist:item=1013434963&perks=1467527085,106909392,2779035018,95528736,4129855581
dimwishlist:item=1013434963&perks=1467527085,106909392,2779035018,3891536761,4129855581
dimwishlist:item=1013434963&perks=1467527085,106909392,2779035018,4104185692,4129855581
dimwishlist:item=1013434963&perks=1467527085,106909392,2779035018,3425386926,4129855581
dimwishlist:item=1013434963&perks=1467527085,3230963543,4071163871,95528736,4129855581
dimwishlist:item=1013434963&perks=1467527085,3230963543,4071163871,3891536761,4129855581
dimwishlist:item=1013434963&perks=1467527085,3230963543,4071163871,4104185692,4129855581
dimwishlist:item=1013434963&perks=1467527085,3230963543,4071163871,3425386926,4129855581
dimwishlist:item=1013434963&perks=1467527085,3230963543,1820235745,95528736,4129855581
dimwishlist:item=1013434963&perks=1467527085,3230963543,1820235745,3891536761,4129855581
dimwishlist:item=1013434963&perks=1467527085,3230963543,1820235745,4104185692,4129855581
dimwishlist:item=1013434963&perks=1467527085,3230963543,1820235745,3425386926,4129855581
dimwishlist:item=1013434963&perks=1467527085,3230963543,2779035018,95528736,4129855581
dimwishlist:item=1013434963&perks=1467527085,3230963543,2779035018,3891536761,4129855581
dimwishlist:item=1013434963&perks=1467527085,3230963543,2779035018,4104185692,4129855581
dimwishlist:item=1013434963&perks=1467527085,3230963543,2779035018,3425386926,4129855581
dimwishlist:item=1013434963&perks=1840239774,3142289711,4071163871,95528736,4129855581
dimwishlist:item=1013434963&perks=1840239774,3142289711,4071163871,3891536761,4129855581
dimwishlist:item=1013434963&perks=1840239774,3142289711,4071163871,4104185692,4129855581
dimwishlist:item=1013434963&perks=1840239774,3142289711,4071163871,3425386926,4129855581
dimwishlist:item=1013434963&perks=1840239774,3142289711,1820235745,95528736,4129855581
dimwishlist:item=1013434963&perks=1840239774,3142289711,1820235745,3891536761,4129855581
dimwishlist:item=1013434963&perks=1840239774,3142289711,1820235745,4104185692,4129855581
dimwishlist:item=1013434963&perks=1840239774,3142289711,1820235745,3425386926,4129855581
dimwishlist:item=1013434963&perks=1840239774,3142289711,2779035018,95528736,4129855581
dimwishlist:item=1013434963&perks=1840239774,3142289711,2779035018,3891536761,4129855581
dimwishlist:item=1013434963&perks=1840239774,3142289711,2779035018,4104185692,4129855581
dimwishlist:item=1013434963&perks=1840239774,3142289711,2779035018,3425386926,4129855581
dimwishlist:item=1013434963&perks=1840239774,1087426260,4071163871,95528736,4129855581
dimwishlist:item=1013434963&perks=1840239774,1087426260,4071163871,3891536761,4129855581
dimwishlist:item=1013434963&perks=1840239774,1087426260,4071163871,4104185692,4129855581
dimwishlist:item=1013434963&perks=1840239774,1087426260,4071163871,3425386926,4129855581
dimwishlist:item=1013434963&perks=1840239774,1087426260,1820235745,95528736,4129855581
dimwishlist:item=1013434963&perks=1840239774,1087426260,1820235745,3891536761,4129855581
dimwishlist:item=1013434963&perks=1840239774,1087426260,1820235745,4104185692,4129855581
dimwishlist:item=1013434963&perks=1840239774,1087426260,1820235745,3425386926,4129855581
dimwishlist:item=1013434963&perks=1840239774,1087426260,2779035018,95528736,4129855581
dimwishlist:item=1013434963&perks=1840239774,1087426260,2779035018,3891536761,4129855581
dimwishlist:item=1013434963&perks=1840239774,1087426260,2779035018,4104185692,4129855581
dimwishlist:item=1013434963&perks=1840239774,1087426260,2779035018,3425386926,4129855581
dimwishlist:item=1013434963&perks=1840239774,106909392,4071163871,95528736,4129855581
dimwishlist:item=1013434963&perks=1840239774,106909392,4071163871,3891536761,4129855581
dimwishlist:item=1013434963&perks=1840239774,106909392,4071163871,4104185692,4129855581
dimwishlist:item=1013434963&perks=1840239774,106909392,4071163871,3425386926,4129855581
dimwishlist:item=1013434963&perks=1840239774,106909392,1820235745,95528736,4129855581
dimwishlist:item=1013434963&perks=1840239774,106909392,1820235745,3891536761,4129855581
dimwishlist:item=1013434963&perks=1840239774,106909392,1820235745,4104185692,4129855581
dimwishlist:item=1013434963&perks=1840239774,106909392,1820235745,3425386926,4129855581
dimwishlist:item=1013434963&perks=1840239774,106909392,2779035018,95528736,4129855581
dimwishlist:item=1013434963&perks=1840239774,106909392,2779035018,3891536761,4129855581
dimwishlist:item=1013434963&perks=1840239774,106909392,2779035018,4104185692,4129855581
dimwishlist:item=1013434963&perks=1840239774,106909392,2779035018,3425386926,4129855581
dimwishlist:item=1013434963&perks=1840239774,3230963543,4071163871,95528736,4129855581
dimwishlist:item=1013434963&perks=1840239774,3230963543,4071163871,3891536761,4129855581
dimwishlist:item=1013434963&perks=1840239774,3230963543,4071163871,4104185692,4129855581
dimwishlist:item=1013434963&perks=1840239774,3230963543,4071163871,3425386926,4129855581
dimwishlist:item=1013434963&perks=1840239774,3230963543,1820235745,95528736,4129855581
dimwishlist:item=1013434963&perks=1840239774,3230963543,1820235745,3891536761,4129855581
dimwishlist:item=1013434963&perks=1840239774,3230963543,1820235745,4104185692,4129855581
dimwishlist:item=1013434963&perks=1840239774,3230963543,1820235745,3425386926,4129855581
dimwishlist:item=1013434963&perks=1840239774,3230963543,2779035018,95528736,4129855581
dimwishlist:item=1013434963&perks=1840239774,3230963543,2779035018,3891536761,4129855581
dimwishlist:item=1013434963&perks=1840239774,3230963543,2779035018,4104185692,4129855581
dimwishlist:item=1013434963&perks=1840239774,3230963543,2779035018,3425386926,4129855581
dimwishlist:item=1013434963&perks=3250034553,3142289711,4071163871,95528736,4129855581
dimwishlist:item=1013434963&perks=3250034553,3142289711,4071163871,3891536761,4129855581
dimwishlist:item=1013434963&perks=3250034553,3142289711,4071163871,4104185692,4129855581
dimwishlist:item=1013434963&perks=3250034553,3142289711,4071163871,3425386926,4129855581
dimwishlist:item=1013434963&perks=3250034553,3142289711,1820235745,95528736,4129855581
dimwishlist:item=1013434963&perks=3250034553,3142289711,1820235745,3891536761,4129855581
dimwishlist:item=1013434963&perks=3250034553,3142289711,1820235745,4104185692,4129855581
dimwishlist:item=1013434963&perks=3250034553,3142289711,1820235745,3425386926,4129855581
dimwishlist:item=1013434963&perks=3250034553,3142289711,2779035018,95528736,4129855581
dimwishlist:item=1013434963&perks=3250034553,3142289711,2779035018,3891536761,4129855581
dimwishlist:item=1013434963&perks=3250034553,3142289711,2779035018,4104185692,4129855581
dimwishlist:item=1013434963&perks=3250034553,3142289711,2779035018,3425386926,4129855581
dimwishlist:item=1013434963&perks=3250034553,1087426260,4071163871,95528736,4129855581
dimwishlist:item=1013434963&perks=3250034553,1087426260,4071163871,3891536761,4129855581
dimwishlist:item=1013434963&perks=3250034553,1087426260,4071163871,4104185692,4129855581
dimwishlist:item=1013434963&perks=3250034553,1087426260,4071163871,3425386926,4129855581
dimwishlist:item=1013434963&perks=3250034553,1087426260,1820235745,95528736,4129855581
dimwishlist:item=1013434963&perks=3250034553,1087426260,1820235745,3891536761,4129855581
dimwishlist:item=1013434963&perks=3250034553,1087426260,1820235745,4104185692,4129855581
dimwishlist:item=1013434963&perks=3250034553,1087426260,1820235745,3425386926,4129855581
dimwishlist:item=1013434963&perks=3250034553,1087426260,2779035018,95528736,4129855581
dimwishlist:item=1013434963&perks=3250034553,1087426260,2779035018,3891536761,4129855581
dimwishlist:item=1013434963&perks=3250034553,1087426260,2779035018,4104185692,4129855581
dimwishlist:item=1013434963&perks=3250034553,1087426260,2779035018,3425386926,4129855581
dimwishlist:item=1013434963&perks=3250034553,106909392,4071163871,95528736,4129855581
dimwishlist:item=1013434963&perks=3250034553,106909392,4071163871,3891536761,4129855581
dimwishlist:item=1013434963&perks=3250034553,106909392,4071163871,4104185692,4129855581
dimwishlist:item=1013434963&perks=3250034553,106909392,4071163871,3425386926,4129855581
dimwishlist:item=1013434963&perks=3250034553,106909392,1820235745,95528736,4129855581
dimwishlist:item=1013434963&perks=3250034553,106909392,1820235745,3891536761,4129855581
dimwishlist:item=1013434963&perks=3250034553,106909392,1820235745,4104185692,4129855581
dimwishlist:item=1013434963&perks=3250034553,106909392,1820235745,3425386926,4129855581
dimwishlist:item=1013434963&perks=3250034553,106909392,2779035018,95528736,4129855581
dimwishlist:item=1013434963&perks=3250034553,106909392,2779035018,3891536761,4129855581
dimwishlist:item=1013434963&perks=3250034553,106909392,2779035018,4104185692,4129855581
dimwishlist:item=1013434963&perks=3250034553,106909392,2779035018,3425386926,4129855581
dimwishlist:item=1013434963&perks=3250034553,3230963543,4071163871,95528736,4129855581
dimwishlist:item=1013434963&perks=3250034553,3230963543,4071163871,3891536761,4129855581
dimwishlist:item=1013434963&perks=3250034553,3230963543,4071163871,4104185692,4129855581
dimwishlist:item=1013434963&perks=3250034553,3230963543,4071163871,3425386926,4129855581
dimwishlist:item=1013434963&perks=3250034553,3230963543,1820235745,95528736,4129855581
dimwishlist:item=1013434963&perks=3250034553,3230963543,1820235745,3891536761,4129855581
dimwishlist:item=1013434963&perks=3250034553,3230963543,1820235745,4104185692,4129855581
dimwishlist:item=1013434963&perks=3250034553,3230963543,1820235745,3425386926,4129855581
dimwishlist:item=1013434963&perks=3250034553,3230963543,2779035018,95528736,4129855581
dimwishlist:item=1013434963&perks=3250034553,3230963543,2779035018,3891536761,4129855581
dimwishlist:item=1013434963&perks=3250034553,3230963543,2779035018,4104185692,4129855581
dimwishlist:item=1013434963&perks=3250034553,3230963543,2779035018,3425386926,4129855581
dimwishlist:item=1013434963&perks=1482024992,3142289711,4071163871,95528736,4129855581
dimwishlist:item=1013434963&perks=1482024992,3142289711,4071163871,3891536761,4129855581
dimwishlist:item=1013434963&perks=1482024992,3142289711,4071163871,4104185692,4129855581
dimwishlist:item=1013434963&perks=1482024992,3142289711,4071163871,3425386926,4129855581
dimwishlist:item=1013434963&perks=1482024992,3142289711,1820235745,95528736,4129855581
dimwishlist:item=1013434963&perks=1482024992,3142289711,1820235745,3891536761,4129855581
dimwishlist:item=1013434963&perks=1482024992,3142289711,1820235745,4104185692,4129855581
dimwishlist:item=1013434963&perks=1482024992,3142289711,1820235745,3425386926,4129855581
dimwishlist:item=1013434963&perks=1482024992,3142289711,2779035018,95528736,4129855581
dimwishlist:item=1013434963&perks=1482024992,3142289711,2779035018,3891536761,4129855581
dimwishlist:item=1013434963&perks=1482024992,3142289711,2779035018,4104185692,4129855581
dimwishlist:item=1013434963&perks=1482024992,3142289711,2779035018,3425386926,4129855581
dimwishlist:item=1013434963&perks=1482024992,1087426260,4071163871,95528736,4129855581
dimwishlist:item=1013434963&perks=1482024992,1087426260,4071163871,3891536761,4129855581
dimwishlist:item=1013434963&perks=1482024992,1087426260,4071163871,4104185692,4129855581
dimwishlist:item=1013434963&perks=1482024992,1087426260,4071163871,3425386926,4129855581
dimwishlist:item=1013434963&perks=1482024992,1087426260,1820235745,95528736,4129855581
dimwishlist:item=1013434963&perks=1482024992,1087426260,1820235745,3891536761,4129855581
dimwishlist:item=1013434963&perks=1482024992,1087426260,1820235745,4104185692,4129855581
dimwishlist:item=1013434963&perks=1482024992,1087426260,1820235745,3425386926,4129855581
dimwishlist:item=1013434963&perks=1482024992,1087426260,2779035018,95528736,4129855581
dimwishlist:item=1013434963&perks=1482024992,1087426260,2779035018,3891536761,4129855581
dimwishlist:item=1013434963&perks=1482024992,1087426260,2779035018,4104185692,4129855581
dimwishlist:item=1013434963&perks=1482024992,1087426260,2779035018,3425386926,4129855581
dimwishlist:item=1013434963&perks=1482024992,106909392,4071163871,95528736,4129855581
dimwishlist:item=1013434963&perks=1482024992,106909392,4071163871,3891536761,4129855581
dimwishlist:item=1013434963&perks=1482024992,106909392,4071163871,4104185692,4129855581
dimwishlist:item=1013434963&perks=1482024992,106909392,4071163871,3425386926,4129855581
dimwishlist:item=1013434963&perks=1482024992,106909392,1820235745,95528736,4129855581
dimwishlist:item=1013434963&perks=1482024992,106909392,1820235745,3891536761,4129855581
dimwishlist:item=1013434963&perks=1482024992,106909392,1820235745,4104185692,4129855581
dimwishlist:item=1013434963&perks=1482024992,106909392,1820235745,3425386926,4129855581
dimwishlist:item=1013434963&perks=1482024992,106909392,2779035018,95528736,4129855581
dimwishlist:item=1013434963&perks=1482024992,106909392,2779035018,3891536761,4129855581
dimwishlist:item=1013434963&perks=1482024992,106909392,2779035018,4104185692,4129855581
dimwishlist:item=1013434963&perks=1482024992,106909392,2779035018,3425386926,4129855581
dimwishlist:item=1013434963&perks=1482024992,3230963543,4071163871,95528736,4129855581
dimwishlist:item=1013434963&perks=1482024992,3230963543,4071163871,3891536761,4129855581
dimwishlist:item=1013434963&perks=1482024992,3230963543,4071163871,4104185692,4129855581
dimwishlist:item=1013434963&perks=1482024992,3230963543,4071163871,3425386926,4129855581
dimwishlist:item=1013434963&perks=1482024992,3230963543,1820235745,95528736,4129855581
dimwishlist:item=1013434963&perks=1482024992,3230963543,1820235745,3891536761,4129855581
dimwishlist:item=1013434963&perks=1482024992,3230963543,1820235745,4104185692,4129855581
dimwishlist:item=1013434963&perks=1482024992,3230963543,1820235745,3425386926,4129855581
dimwishlist:item=1013434963&perks=1482024992,3230963543,2779035018,95528736,4129855581
dimwishlist:item=1013434963&perks=1482024992,3230963543,2779035018,3891536761,4129855581
dimwishlist:item=1013434963&perks=1482024992,3230963543,2779035018,4104185692,4129855581
dimwishlist:item=1013434963&perks=1482024992,3230963543,2779035018,3425386926,4129855581
dimwishlist:item=1013434963&perks=3661387068,3142289711,4071163871,95528736,4129855581
dimwishlist:item=1013434963&perks=3661387068,3142289711,4071163871,3891536761,4129855581
dimwishlist:item=1013434963&perks=3661387068,3142289711,4071163871,4104185692,4129855581
dimwishlist:item=1013434963&perks=3661387068,3142289711,4071163871,3425386926,4129855581
dimwishlist:item=1013434963&perks=3661387068,3142289711,1820235745,95528736,4129855581
dimwishlist:item=1013434963&perks=3661387068,3142289711,1820235745,3891536761,4129855581
dimwishlist:item=1013434963&perks=3661387068,3142289711,1820235745,4104185692,4129855581
dimwishlist:item=1013434963&perks=3661387068,3142289711,1820235745,3425386926,4129855581
dimwishlist:item=1013434963&perks=3661387068,3142289711,2779035018,95528736,4129855581
dimwishlist:item=1013434963&perks=3661387068,3142289711,2779035018,3891536761,4129855581
dimwishlist:item=1013434963&perks=3661387068,3142289711,2779035018,4104185692,4129855581
dimwishlist:item=1013434963&perks=3661387068,3142289711,2779035018,3425386926,4129855581
dimwishlist:item=1013434963&perks=3661387068,1087426260,4071163871,95528736,4129855581
dimwishlist:item=1013434963&perks=3661387068,1087426260,4071163871,3891536761,4129855581
dimwishlist:item=1013434963&perks=3661387068,1087426260,4071163871,4104185692,4129855581
dimwishlist:item=1013434963&perks=3661387068,1087426260,4071163871,3425386926,4129855581
dimwishlist:item=1013434963&perks=3661387068,1087426260,1820235745,95528736,4129855581
dimwishlist:item=1013434963&perks=3661387068,1087426260,1820235745,3891536761,4129855581
dimwishlist:item=1013434963&perks=3661387068,1087426260,1820235745,4104185692,4129855581
dimwishlist:item=1013434963&perks=3661387068,1087426260,1820235745,3425386926,4129855581
dimwishlist:item=1013434963&perks=3661387068,1087426260,2779035018,95528736,4129855581
dimwishlist:item=1013434963&perks=3661387068,1087426260,2779035018,3891536761,4129855581
dimwishlist:item=1013434963&perks=3661387068,1087426260,2779035018,4104185692,4129855581
dimwishlist:item=1013434963&perks=3661387068,1087426260,2779035018,3425386926,4129855581
dimwishlist:item=1013434963&perks=3661387068,106909392,4071163871,95528736,4129855581
dimwishlist:item=1013434963&perks=3661387068,106909392,4071163871,3891536761,4129855581
dimwishlist:item=1013434963&perks=3661387068,106909392,4071163871,4104185692,4129855581
dimwishlist:item=1013434963&perks=3661387068,106909392,4071163871,3425386926,4129855581
dimwishlist:item=1013434963&perks=3661387068,106909392,1820235745,95528736,4129855581
dimwishlist:item=1013434963&perks=3661387068,106909392,1820235745,3891536761,4129855581
dimwishlist:item=1013434963&perks=3661387068,106909392,1820235745,4104185692,4129855581
dimwishlist:item=1013434963&perks=3661387068,106909392,1820235745,3425386926,4129855581
dimwishlist:item=1013434963&perks=3661387068,106909392,2779035018,95528736,4129855581
dimwishlist:item=1013434963&perks=3661387068,106909392,2779035018,3891536761,4129855581
dimwishlist:item=1013434963&perks=3661387068,106909392,2779035018,4104185692,4129855581
dimwishlist:item=1013434963&perks=3661387068,106909392,2779035018,3425386926,4129855581
dimwishlist:item=1013434963&perks=3661387068,3230963543,4071163871,95528736,4129855581
dimwishlist:item=1013434963&perks=3661387068,3230963543,4071163871,3891536761,4129855581
dimwishlist:item=1013434963&perks=3661387068,3230963543,4071163871,4104185692,4129855581
dimwishlist:item=1013434963&perks=3661387068,3230963543,4071163871,3425386926,4129855581
dimwishlist:item=1013434963&perks=3661387068,3230963543,1820235745,95528736,4129855581
dimwishlist:item=1013434963&perks=3661387068,3230963543,1820235745,3891536761,4129855581
dimwishlist:item=1013434963&perks=3661387068,3230963543,1820235745,4104185692,4129855581
dimwishlist:item=1013434963&perks=3661387068,3230963543,1820235745,3425386926,4129855581
dimwishlist:item=1013434963&perks=3661387068,3230963543,2779035018,95528736,4129855581
dimwishlist:item=1013434963&perks=3661387068,3230963543,2779035018,3891536761,4129855581
dimwishlist:item=1013434963&perks=3661387068,3230963543,2779035018,4104185692,4129855581
dimwishlist:item=1013434963&perks=3661387068,3230963543,2779035018,3425386926,4129855581


// Naeem's Lance (pve)
//notes: tags:pve
dimwishlist:item=2806569825&perks=1482024992,106909392,1523832109,923806249
dimwishlist:item=2806569825&perks=1482024992,106909392,1523832109,555281244
dimwishlist:item=2806569825&perks=1482024992,3142289711,1523832109,923806249
dimwishlist:item=2806569825&perks=1482024992,3142289711,1523832109,555281244
dimwishlist:item=2806569825&perks=1482024992,1087426260,1523832109,923806249
dimwishlist:item=2806569825&perks=1482024992,1087426260,1523832109,555281244
dimwishlist:item=2806569825&perks=1482024992,3230963543,1523832109,923806249
dimwishlist:item=2806569825&perks=1482024992,3230963543,1523832109,555281244
dimwishlist:item=2806569825&perks=839105230,106909392,1523832109,923806249
dimwishlist:item=2806569825&perks=839105230,106909392,1523832109,555281244
dimwishlist:item=2806569825&perks=839105230,3142289711,1523832109,923806249
dimwishlist:item=2806569825&perks=839105230,3142289711,1523832109,555281244
dimwishlist:item=2806569825&perks=839105230,1087426260,1523832109,923806249
dimwishlist:item=2806569825&perks=839105230,1087426260,1523832109,555281244
dimwishlist:item=2806569825&perks=839105230,3230963543,1523832109,923806249
dimwishlist:item=2806569825&perks=839105230,3230963543,1523832109,555281244
dimwishlist:item=2806569825&perks=3661387068,106909392,1523832109,923806249
dimwishlist:item=2806569825&perks=3661387068,106909392,1523832109,555281244
dimwishlist:item=2806569825&perks=3661387068,3142289711,1523832109,923806249
dimwishlist:item=2806569825&perks=3661387068,3142289711,1523832109,555281244
dimwishlist:item=2806569825&perks=3661387068,1087426260,1523832109,923806249
dimwishlist:item=2806569825&perks=3661387068,1087426260,1523832109,555281244
dimwishlist:item=2806569825&perks=3661387068,3230963543,1523832109,923806249
dimwishlist:item=2806569825&perks=3661387068,3230963543,1523832109,555281244
dimwishlist:item=2806569825&perks=4090651448,106909392,1523832109,923806249
dimwishlist:item=2806569825&perks=4090651448,106909392,1523832109,555281244
dimwishlist:item=2806569825&perks=4090651448,3142289711,1523832109,923806249
dimwishlist:item=2806569825&perks=4090651448,3142289711,1523832109,555281244
dimwishlist:item=2806569825&perks=4090651448,1087426260,1523832109,923806249
dimwishlist:item=2806569825&perks=4090651448,1087426260,1523832109,555281244
dimwishlist:item=2806569825&perks=4090651448,3230963543,1523832109,923806249
dimwishlist:item=2806569825&perks=4090651448,3230963543,1523832109,555281244
dimwishlist:item=2806569825&perks=1467527085,106909392,1523832109,923806249
dimwishlist:item=2806569825&perks=1467527085,106909392,1523832109,555281244
dimwishlist:item=2806569825&perks=1467527085,3142289711,1523832109,923806249
dimwishlist:item=2806569825&perks=1467527085,3142289711,1523832109,555281244
dimwishlist:item=2806569825&perks=1467527085,1087426260,1523832109,923806249
dimwishlist:item=2806569825&perks=1467527085,1087426260,1523832109,555281244
dimwishlist:item=2806569825&perks=1467527085,3230963543,1523832109,923806249
dimwishlist:item=2806569825&perks=1467527085,3230963543,1523832109,555281244
dimwishlist:item=2806569825&perks=1840239774,106909392,1523832109,923806249
dimwishlist:item=2806569825&perks=1840239774,106909392,1523832109,555281244
dimwishlist:item=2806569825&perks=1840239774,3142289711,1523832109,923806249
dimwishlist:item=2806569825&perks=1840239774,3142289711,1523832109,555281244
dimwishlist:item=2806569825&perks=1840239774,1087426260,1523832109,923806249
dimwishlist:item=2806569825&perks=1840239774,1087426260,1523832109,555281244
dimwishlist:item=2806569825&perks=1840239774,3230963543,1523832109,923806249
dimwishlist:item=2806569825&perks=1840239774,3230963543,1523832109,555281244
dimwishlist:item=2806569825&perks=3250034553,106909392,1523832109,923806249
dimwishlist:item=2806569825&perks=3250034553,106909392,1523832109,555281244
dimwishlist:item=2806569825&perks=3250034553,3142289711,1523832109,923806249
dimwishlist:item=2806569825&perks=3250034553,3142289711,1523832109,555281244
dimwishlist:item=2806569825&perks=3250034553,1087426260,1523832109,923806249
dimwishlist:item=2806569825&perks=3250034553,1087426260,1523832109,555281244
dimwishlist:item=2806569825&perks=3250034553,3230963543,1523832109,923806249
dimwishlist:item=2806569825&perks=3250034553,3230963543,1523832109,555281244


// Judgment (pve)
//notes: tags:pve
dimwishlist:item=2969415423&perks=1926090095,1087426260,124408337,1954620775
dimwishlist:item=2969415423&perks=1926090095,1087426260,124408337,11612903
dimwishlist:item=2969415423&perks=1926090095,106909392,124408337,1954620775
dimwishlist:item=2969415423&perks=1926090095,106909392,124408337,11612903
dimwishlist:item=2969415423&perks=1926090095,3230963543,124408337,1954620775
dimwishlist:item=2969415423&perks=1926090095,3230963543,124408337,11612903
dimwishlist:item=2969415423&perks=1926090095,3142289711,124408337,1954620775
dimwishlist:item=2969415423&perks=1926090095,3142289711,124408337,11612903
dimwishlist:item=2969415423&perks=1926090094,1087426260,124408337,1954620775
dimwishlist:item=2969415423&perks=1926090094,1087426260,124408337,11612903
dimwishlist:item=2969415423&perks=1926090094,106909392,124408337,1954620775
dimwishlist:item=2969415423&perks=1926090094,106909392,124408337,11612903
dimwishlist:item=2969415423&perks=1926090094,3230963543,124408337,1954620775
dimwishlist:item=2969415423&perks=1926090094,3230963543,124408337,11612903
dimwishlist:item=2969415423&perks=1926090094,3142289711,124408337,1954620775
dimwishlist:item=2969415423&perks=1926090094,3142289711,124408337,11612903
dimwishlist:item=2969415423&perks=1926090092,1087426260,124408337,1954620775
dimwishlist:item=2969415423&perks=1926090092,1087426260,124408337,11612903
dimwishlist:item=2969415423&perks=1926090092,106909392,124408337,1954620775
dimwishlist:item=2969415423&perks=1926090092,106909392,124408337,11612903
dimwishlist:item=2969415423&perks=1926090092,3230963543,124408337,1954620775
dimwishlist:item=2969415423&perks=1926090092,3230963543,124408337,11612903
dimwishlist:item=2969415423&perks=1926090092,3142289711,124408337,1954620775
dimwishlist:item=2969415423&perks=1926090092,3142289711,124408337,11612903


// Indebted Kindness (pve)
//notes: tags:pve
dimwishlist:item=3381450498&perks=3525010810,2822142346,2859149211,2173046394
dimwishlist:item=3381450498&perks=3525010810,2822142346,1556840489,2173046394
dimwishlist:item=3381450498&perks=3525010810,2822142346,951095735,2173046394
dimwishlist:item=3381450498&perks=3525010810,3230963543,2859149211,2173046394
dimwishlist:item=3381450498&perks=3525010810,3230963543,1556840489,2173046394
dimwishlist:item=3381450498&perks=3525010810,3230963543,951095735,2173046394
dimwishlist:item=3381450498&perks=3525010810,1087426260,2859149211,2173046394
dimwishlist:item=3381450498&perks=3525010810,1087426260,1556840489,2173046394
dimwishlist:item=3381450498&perks=3525010810,1087426260,951095735,2173046394
dimwishlist:item=3381450498&perks=3525010810,106909392,2859149211,2173046394
dimwishlist:item=3381450498&perks=3525010810,106909392,1556840489,2173046394
dimwishlist:item=3381450498&perks=3525010810,106909392,951095735,2173046394
dimwishlist:item=3381450498&perks=3525010810,1380253176,2859149211,2173046394
dimwishlist:item=3381450498&perks=3525010810,1380253176,1556840489,2173046394
dimwishlist:item=3381450498&perks=3525010810,1380253176,951095735,2173046394
dimwishlist:item=3381450498&perks=3809316345,2822142346,2859149211,2173046394
dimwishlist:item=3381450498&perks=3809316345,2822142346,1556840489,2173046394
dimwishlist:item=3381450498&perks=3809316345,2822142346,951095735,2173046394
dimwishlist:item=3381450498&perks=3809316345,3230963543,2859149211,2173046394
dimwishlist:item=3381450498&perks=3809316345,3230963543,1556840489,2173046394
dimwishlist:item=3381450498&perks=3809316345,3230963543,951095735,2173046394
dimwishlist:item=3381450498&perks=3809316345,1087426260,2859149211,2173046394
dimwishlist:item=3381450498&perks=3809316345,1087426260,1556840489,2173046394
dimwishlist:item=3381450498&perks=3809316345,1087426260,951095735,2173046394
dimwishlist:item=3381450498&perks=3809316345,106909392,2859149211,2173046394
dimwishlist:item=3381450498&perks=3809316345,106909392,1556840489,2173046394
dimwishlist:item=3381450498&perks=3809316345,106909392,951095735,2173046394
dimwishlist:item=3381450498&perks=3809316345,1380253176,2859149211,2173046394
dimwishlist:item=3381450498&perks=3809316345,1380253176,1556840489,2173046394
dimwishlist:item=3381450498&perks=3809316345,1380253176,951095735,2173046394
dimwishlist:item=3381450498&perks=981914802,2822142346,2859149211,2173046394
dimwishlist:item=3381450498&perks=981914802,2822142346,1556840489,2173046394
dimwishlist:item=3381450498&perks=981914802,2822142346,951095735,2173046394
dimwishlist:item=3381450498&perks=981914802,3230963543,2859149211,2173046394
dimwishlist:item=3381450498&perks=981914802,3230963543,1556840489,2173046394
dimwishlist:item=3381450498&perks=981914802,3230963543,951095735,2173046394
dimwishlist:item=3381450498&perks=981914802,1087426260,2859149211,2173046394
dimwishlist:item=3381450498&perks=981914802,1087426260,1556840489,2173046394
dimwishlist:item=3381450498&perks=981914802,1087426260,951095735,2173046394
dimwishlist:item=3381450498&perks=981914802,106909392,2859149211,2173046394
dimwishlist:item=3381450498&perks=981914802,106909392,1556840489,2173046394
dimwishlist:item=3381450498&perks=981914802,106909392,951095735,2173046394
dimwishlist:item=3381450498&perks=981914802,1380253176,2859149211,2173046394
dimwishlist:item=3381450498&perks=981914802,1380253176,1556840489,2173046394
dimwishlist:item=3381450498&perks=981914802,1380253176,951095735,2173046394
dimwishlist:item=3381450498&perks=1441682018,2822142346,2859149211,2173046394
dimwishlist:item=3381450498&perks=1441682018,2822142346,1556840489,2173046394
dimwishlist:item=3381450498&perks=1441682018,2822142346,951095735,2173046394
dimwishlist:item=3381450498&perks=1441682018,3230963543,2859149211,2173046394
dimwishlist:item=3381450498&perks=1441682018,3230963543,1556840489,2173046394
dimwishlist:item=3381450498&perks=1441682018,3230963543,951095735,2173046394
dimwishlist:item=3381450498&perks=1441682018,1087426260,2859149211,2173046394
dimwishlist:item=3381450498&perks=1441682018,1087426260,1556840489,2173046394
dimwishlist:item=3381450498&perks=1441682018,1087426260,951095735,2173046394
dimwishlist:item=3381450498&perks=1441682018,106909392,2859149211,2173046394
dimwishlist:item=3381450498&perks=1441682018,106909392,1556840489,2173046394
dimwishlist:item=3381450498&perks=1441682018,106909392,951095735,2173046394
dimwishlist:item=3381450498&perks=1441682018,1380253176,2859149211,2173046394
dimwishlist:item=3381450498&perks=1441682018,1380253176,1556840489,2173046394
dimwishlist:item=3381450498&perks=1441682018,1380253176,951095735,2173046394
dimwishlist:item=3381450498&perks=3798852852,2822142346,2859149211,2173046394
dimwishlist:item=3381450498&perks=3798852852,2822142346,1556840489,2173046394
dimwishlist:item=3381450498&perks=3798852852,2822142346,951095735,2173046394
dimwishlist:item=3381450498&perks=3798852852,3230963543,2859149211,2173046394
dimwishlist:item=3381450498&perks=3798852852,3230963543,1556840489,2173046394
dimwishlist:item=3381450498&perks=3798852852,3230963543,951095735,2173046394
dimwishlist:item=3381450498&perks=3798852852,1087426260,2859149211,2173046394
dimwishlist:item=3381450498&perks=3798852852,1087426260,1556840489,2173046394
dimwishlist:item=3381450498&perks=3798852852,1087426260,951095735,2173046394
dimwishlist:item=3381450498&perks=3798852852,106909392,2859149211,2173046394
dimwishlist:item=3381450498&perks=3798852852,106909392,1556840489,2173046394
dimwishlist:item=3381450498&perks=3798852852,106909392,951095735,2173046394
dimwishlist:item=3381450498&perks=3798852852,1380253176,2859149211,2173046394
dimwishlist:item=3381450498&perks=3798852852,1380253176,1556840489,2173046394
dimwishlist:item=3381450498&perks=3798852852,1380253176,951095735,2173046394
dimwishlist:item=3381450498&perks=1478423395,2822142346,2859149211,2173046394
dimwishlist:item=3381450498&perks=1478423395,2822142346,1556840489,2173046394
dimwishlist:item=3381450498&perks=1478423395,2822142346,951095735,2173046394
dimwishlist:item=3381450498&perks=1478423395,3230963543,2859149211,2173046394
dimwishlist:item=3381450498&perks=1478423395,3230963543,1556840489,2173046394
dimwishlist:item=3381450498&perks=1478423395,3230963543,951095735,2173046394
dimwishlist:item=3381450498&perks=1478423395,1087426260,2859149211,2173046394
dimwishlist:item=3381450498&perks=1478423395,1087426260,1556840489,2173046394
dimwishlist:item=3381450498&perks=1478423395,1087426260,951095735,2173046394
dimwishlist:item=3381450498&perks=1478423395,106909392,2859149211,2173046394
dimwishlist:item=3381450498&perks=1478423395,106909392,1556840489,2173046394
dimwishlist:item=3381450498&perks=1478423395,106909392,951095735,2173046394
dimwishlist:item=3381450498&perks=1478423395,1380253176,2859149211,2173046394
dimwishlist:item=3381450498&perks=1478423395,1380253176,1556840489,2173046394
dimwishlist:item=3381450498&perks=1478423395,1380253176,951095735,2173046394


// Prosecutor (pve)
//notes: tags:pve
dimwishlist:item=3483591058&perks=3661387068,2420895100,2848615171,2173046394
dimwishlist:item=3483591058&perks=3661387068,1087426260,2848615171,2173046394
dimwishlist:item=3483591058&perks=3661387068,1968497646,2848615171,2173046394
dimwishlist:item=3483591058&perks=3661387068,1561002382,2848615171,2173046394
dimwishlist:item=3483591058&perks=3661387068,1885400500,2848615171,2173046394
dimwishlist:item=3483591058&perks=3661387068,3230963543,2848615171,2173046394
dimwishlist:item=3483591058&perks=3661387068,679225683,2848615171,2173046394
dimwishlist:item=3483591058&perks=839105230,2420895100,2848615171,2173046394
dimwishlist:item=3483591058&perks=839105230,1087426260,2848615171,2173046394
dimwishlist:item=3483591058&perks=839105230,1968497646,2848615171,2173046394
dimwishlist:item=3483591058&perks=839105230,1561002382,2848615171,2173046394
dimwishlist:item=3483591058&perks=839105230,1885400500,2848615171,2173046394
dimwishlist:item=3483591058&perks=839105230,3230963543,2848615171,2173046394
dimwishlist:item=3483591058&perks=839105230,679225683,2848615171,2173046394
dimwishlist:item=3483591058&perks=1467527085,2420895100,2848615171,2173046394
dimwishlist:item=3483591058&perks=1467527085,1087426260,2848615171,2173046394
dimwishlist:item=3483591058&perks=1467527085,1968497646,2848615171,2173046394
dimwishlist:item=3483591058&perks=1467527085,1561002382,2848615171,2173046394
dimwishlist:item=3483591058&perks=1467527085,1885400500,2848615171,2173046394
dimwishlist:item=3483591058&perks=1467527085,3230963543,2848615171,2173046394
dimwishlist:item=3483591058&perks=1467527085,679225683,2848615171,2173046394
dimwishlist:item=3483591058&perks=4090651448,2420895100,2848615171,2173046394
dimwishlist:item=3483591058&perks=4090651448,1087426260,2848615171,2173046394
dimwishlist:item=3483591058&perks=4090651448,1968497646,2848615171,2173046394
dimwishlist:item=3483591058&perks=4090651448,1561002382,2848615171,2173046394
dimwishlist:item=3483591058&perks=4090651448,1885400500,2848615171,2173046394
dimwishlist:item=3483591058&perks=4090651448,3230963543,2848615171,2173046394
dimwishlist:item=3483591058&perks=4090651448,679225683,2848615171,2173046394
dimwishlist:item=3483591058&perks=1840239774,2420895100,2848615171,2173046394
dimwishlist:item=3483591058&perks=1840239774,1087426260,2848615171,2173046394
dimwishlist:item=3483591058&perks=1840239774,1968497646,2848615171,2173046394
dimwishlist:item=3483591058&perks=1840239774,1561002382,2848615171,2173046394
dimwishlist:item=3483591058&perks=1840239774,1885400500,2848615171,2173046394
dimwishlist:item=3483591058&perks=1840239774,3230963543,2848615171,2173046394
dimwishlist:item=3483591058&perks=1840239774,679225683,2848615171,2173046394
dimwishlist:item=3483591058&perks=3250034553,2420895100,2848615171,2173046394
dimwishlist:item=3483591058&perks=3250034553,1087426260,2848615171,2173046394
dimwishlist:item=3483591058&perks=3250034553,1968497646,2848615171,2173046394
dimwishlist:item=3483591058&perks=3250034553,1561002382,2848615171,2173046394
dimwishlist:item=3483591058&perks=3250034553,1885400500,2848615171,2173046394
dimwishlist:item=3483591058&perks=3250034553,3230963543,2848615171,2173046394
dimwishlist:item=3483591058&perks=3250034553,679225683,2848615171,2173046394
dimwishlist:item=3483591058&perks=1482024992,2420895100,2848615171,2173046394
dimwishlist:item=3483591058&perks=1482024992,1087426260,2848615171,2173046394
dimwishlist:item=3483591058&perks=1482024992,1968497646,2848615171,2173046394
dimwishlist:item=3483591058&perks=1482024992,1561002382,2848615171,2173046394
dimwishlist:item=3483591058&perks=1482024992,1885400500,2848615171,2173046394
dimwishlist:item=3483591058&perks=1482024992,3230963543,2848615171,2173046394
dimwishlist:item=3483591058&perks=1482024992,679225683,2848615171,2173046394


